33.793745 0.000444 
0.138154 4.216501 
0.222211 1.058273 
0.020621 1587.096991 
0.154060 11.748675 
0.235574 0.912258 
0.210628 2.647604 
0.160110 2.694844 
0.153673 3.835494 
0.072501 32.928325 
0.143708 3.818692 
0.176903 1.991727 
0.160100 2.695289 
0.056212 66.191734 
0.183925 1.770274 
0.032897 353.503164 
0.127755 5.348725 
0.151197 3.206180 
0.132691 4.766520 
0.144166 3.704834 
0.122138 6.132678 
0.165966 2.416725 
0.100150 11.229659 
0.251155 5.800626 
0.140890 3.972719 
0.146890 4.758961 
0.282376 5.904267 
0.132691 4.766520 
0.132690 4.766517 
0.132694 4.766196 
0.119639 6.530970 
0.124191 5.829437 
0.113725 7.621061 
0.144418 20.236382 
0.015810 3832.847250 
0.253151 0.673648 
0.111247 8.150079 
0.127684 6.132678 
0.117449 6.908743 
0.112511 7.874408 
0.112369 7.904680 
0.112761 7.888201 
0.115182 9.946739 
0.070518 36.017158 
0.111212 8.158110 
0.868166 1.030878 
0.235217 0.841097 
0.101631 10.737513 
0.163663 5.515689 
0.176915 15.322812 
0.543741 1.647912 
0.132126 5.687385 
0.148087 3.415027 
0.111212 8.158110 
0.101962 10.631642 
0.212624 4.769646 
0.184530 1.752712 
0.098627 11.767097 
0.098576 11.786023 
0.102746 10.385787 
0.166703 6.216027 
0.102780 10.375150 
0.094959 13.211578 
0.081300 21.249857 
0.097815 12.070617 
0.165152 11.752282 
0.121808 46.273639 
0.071715 31.434578 
0.092885 14.134440 
0.097321 12.847859 
0.062862 46.858452 
0.084801 19.516344 
0.152087 8.491679 
0.094413 14.850079 
0.077141 25.325270 
0.086972 20.027415 
0.094803 13.278480 
0.090636 15.234396 
0.283526 4.725323 
0.094803 13.278480 
0.098601 11.777204 
0.090514 15.296678 
0.202078 1.331326 
0.095826 15.945532 
0.096463 13.890473 
0.058389 58.859186 
0.096939 16.345539 
0.092100 14.505968 
0.059692 54.971066 
0.241539 0.776319 
0.087755 16.817013 
0.090294 15.410971 
0.084668 18.764220 
0.085344 18.312976 
0.055990 67.013137 
0.089535 16.817013 
0.088126 16.821191 
0.084639 18.784037 
0.089573 16.739379 
0.167097 9.509711 
0.098687 11.745285 
0.121167 14.065810 
0.084145 19.123856 
0.118514 6.721558 
0.086348 22.968417 
0.087086 21.371787 
0.085224 18.392231 
0.383284 4.006330 
0.081149 21.370935 
0.084155 19.117294 
0.088615 21.116446 
0.117567 21.380750 
0.081137 21.380750 
0.094182 23.971971 
0.078166 23.971971 
0.077981 24.146437 
0.081459 21.122206 
0.056150 66.419536 
0.078166 23.971971 
0.081137 21.380750 
0.118796 23.971971 
0.081253 21.287198 
0.078359 23.971971 
0.031197 9020.323049 
0.220436 1.023421 
0.081137 21.380750 
0.104443 20.453635 
0.098092 24.020332 
0.093792 13.720516 
0.082593 20.251662 
0.078339 23.809322 
0.080116 25.332799 
0.114335 26.194825 
0.075896 26.247161 
0.209500 1.193672 
0.117559 26.149122 
0.042828 154.285984 
0.107302 24.776224 
0.085730 25.908325 
0.034640 300.280440 
0.072163 30.813987 
0.103914 21.202515 
0.083516 26.112822 
0.073565 28.882330 
0.077069 25.039661 
0.073568 28.882330 
0.073775 28.634176 
0.073631 28.805932 
0.073696 28.729254 
0.207817 10.091975 
0.070490 32.928325 
0.032263 375.986655 
0.070935 32.301879 
0.070899 32.352821 
0.068143 36.737247 
0.088468 25.164498 
0.070904 32.351977 
0.068088 36.647901 
0.057449 61.880793 
0.178402 12.816045 
0.101397 10.815094 
0.111515 8.090758 
0.070597 32.775474 
0.038658 212.593041 
0.131837 16.817013 
0.257428 8.855437 
0.066138 40.064745 
0.070553 32.839015 
0.292767 36.279728 
0.086410 17.629977 
0.103947 10.024294 
0.055928 80.833734 
0.068049 36.713366 
0.074033 36.647901 
0.068143 36.557402 
0.066467 62.939705 
0.059235 56.316640 
0.066389 39.616722 
0.171291 16.422663 
0.041022 176.444446 
0.063734 44.908881 
0.065777 40.760251 
0.134267 40.499221 
0.071206 31.920979 
0.065016 42.233667 
0.062308 48.153373 
0.065016 42.233667 
0.288952 2.166310 
0.064011 44.310816 
0.059313 56.064862 
1.007838 108.132752 
0.035143 286.932529 
0.121229 6.273647 
0.197160 14.636277 
0.062307 48.155273 
0.099766 30.527569 
0.061554 49.997298 
0.138868 4.150932 
0.123374 25.699897 
0.139352 41.818198 
0.062301 48.169592 
0.059059 56.811880 
0.089230 36.018165 
0.148896 56.782701 
0.061545 50.019822 
0.060011 54.075165 
0.149665 3.306845 
0.036874 613.633601 
0.059049 56.842997 
0.070711 52.292145 
0.065397 55.808575 
0.081289 44.938312 
0.057856 60.545220 
0.347872 10.328023 
0.057845 60.581509 
0.056447 65.344529 
0.128854 28.619613 
0.088939 28.769019 
0.024068 1212.941305 
0.054515 72.783756 
0.040361 185.659361 
0.054835 71.490042 
0.054367 73.397474 
0.159313 25.302809 
0.056443 65.358777 
0.056991 63.431527 
0.123844 73.359820 
0.056476 71.330801 
0.054374 73.373243 
0.054373 73.373243 
0.054988 71.331143 
0.056444 77.228748 
0.053043 79.228675 
0.054289 73.725597 
0.130672 31.046756 
0.053436 77.435152 
0.054360 73.427938 
0.121610 7.687016 
0.084238 76.861193 
0.049720 96.849018 
0.094802 13.278490 
0.048163 111.076135 
0.016746 3181.336864 
0.053917 101.878527 
0.075060 77.272492 
0.051337 87.683545 
0.090366 60.027129 
0.054387 97.696235 
0.046978 115.544590 
0.063735 101.028279 
0.049079 100.837359 
0.049740 96.727948 
0.051318 87.784442 
0.047490 111.711379 
0.045990 123.453613 
0.090765 123.444560 
0.013069 7336.268847 
0.045583 126.925308 
0.133586 4.670071 
0.049619 97.464576 
0.047513 140.863678 
0.056119 115.567522 
0.042445 158.583798 
0.043727 144.504105 
0.049523 112.056534 
0.205820 1.259415 
0.057795 84.631822 
0.044005 141.704559 
0.043891 142.828738 
0.073365 30.101013 
0.060678 102.155899 
0.078712 133.554308 
0.045285 129.617281 
0.042558 157.275579 
0.043143 150.704289 
0.042686 179.831648 
0.050994 182.226810 
0.035747 271.921557 
0.143399 3.972719 
0.037501 233.851612 
0.042476 158.225505 
0.012469 8635.177249 
0.037417 235.508992 
0.033815 324.031142 
0.033943 320.179082 
0.091950 81.033351 
0.075676 113.136349 
0.072447 234.931289 
0.031836 424.826841 
0.025787 768.614756 
0.037486 234.133568 
0.049130 558.651807 
0.020849 1531.080498 
0.045057 754.020263 
0.038586 213.798696 
0.072741 56.815107 
0.045625 323.832400 
0.035921 267.786459 
0.023308 1065.182279 
0.037934 225.551453 
