1585305.806799 193509.659829 0.000000 0.000000 
1184548.711773 75047.707147 0.000000 0.000000 
1305321.209123 342046.184683 0.000148 5402.946883 
1727909.772801 587507.333449 0.000148 5525.935474 
1885772.288696 665139.051708 0.000148 5551.191890 
1835508.386884 790478.483541 0.011258 5540.248705 
1816394.873979 782566.638843 0.010732 5539.049471 
1837241.818930 825675.124569 0.016354 5592.572345 
2058713.315020 823928.398244 0.001902 5592.183078 
331605.269749 2079314.020928 0.679658 5734.350113 
1077273.198001 1131029.047038 0.000931 5646.997536 
204003.580940 631246.344804 0.365516 4115.732789 
608321.317856 1231188.932218 0.313678 5660.542280 
2139873.394941 1224223.973718 0.019622 5652.592547 
2703293.055781 785550.174047 0.000000 4145.978110 
2518466.095548 1235689.845717 0.000174 5661.114327 
2673060.609854 1412825.172390 0.000174 5681.529937 
3315135.524893 2270394.317590 0.000081 5745.183785 
407501.056640 1398753.418747 0.500957 5680.043358 
2877011.350083 1607904.486984 0.000000 5679.703269 
2702361.964154 1441395.127147 0.000061 5684.484534 
2916520.285789 1261166.713205 0.000000 5295.926638 
2918100.369224 1703682.905392 0.000003 5708.206984 
2918338.813750 1703666.489683 0.000001 5708.204487 
3010782.992209 1827951.552222 0.000063 5717.701482 
2916653.466457 1703682.905392 0.000063 5708.206984 
1196597.813714 1827474.901709 0.159501 5717.666836 
1612536.530161 2400265.551156 0.117289 5751.825078 
3052998.813734 1891988.069182 0.000006 5722.243426 
291648.489436 4451073.088756 0.000006 5815.416751 
3037646.386805 1868584.778001 0.000007 5720.609411 
535494.320471 1108700.728567 0.345458 5643.746545 
1947832.861154 2157744.994014 0.073057 5738.963697 
920261.508427 3125614.102521 0.004171 5781.201288 
3198930.815436 2161560.357031 0.001774 5739.172502 
659364.232005 2161560.357031 0.269792 5739.172502 
1885949.137576 2272229.884888 0.000484 5745.279390 
2007411.907689 1856507.343477 0.008537 5719.752685 
2249263.204537 2271741.426630 0.052809 5745.246225 
3558767.475087 2658478.933779 0.000167 5763.594866 
1287138.506465 2374824.284988 0.000011 5750.554393 
2802267.757090 2377353.571159 0.023490 5750.691549 
1811747.158991 610211.365007 0.000000 0.000000 
2522475.915625 1233198.781797 0.000007 5660.798087 
314773.426673 2694944.765901 0.000007 5765.135953 
3249619.097554 2163726.288308 0.000007 5739.305629 
3389850.467222 2377331.249432 0.000007 5750.690437 
3389845.496293 2377329.323569 0.000006 5750.689839 
2077118.749621 2199887.386903 0.063348 5741.343742 
4469522.794709 2988041.890959 0.000000 5402.484706 
146319.015654 2670834.026848 0.000010 5764.126843 
3518195.130890 2588430.235211 0.000010 5760.577691 
3801101.817554 3074031.525935 0.000010 5779.450526 
3248471.104507 2164940.389493 0.000010 5739.374870 
3907140.249123 3271304.457247 0.000000 5785.334188 
1411328.483911 3181664.445062 0.172155 5756.095762 
1544821.463511 8196336.808865 0.000000 5846.066118 
395439.513409 3137618.075991 0.000005 5781.599528 
3476638.351277 2659393.953451 0.000004 5763.640787 
4209455.571042 2679973.618794 0.000000 5407.967379 
3477173.723836 2660492.518102 0.000007 5763.687319 
2304858.636221 2639816.845387 0.055264 5762.806876 
1357796.133573 2660492.518102 0.021923 5763.687319 
3556680.019565 2660558.453385 0.000007 5763.690111 
3543060.672484 2649039.105362 0.000224 5763.200820 
2922618.207387 1787492.588930 0.001173 5714.711482 
3844517.044743 3434721.138101 0.000177 5790.560601 
3503598.932236 2681139.898863 0.001209 5764.560054 
3994400.141283 3313187.333364 0.000000 5766.879158 
755932.353622 3313187.333364 0.000000 5766.879158 
3995266.511339 3436544.480343 0.000003 5790.860665 
3993860.175904 3313187.333364 0.000000 5766.879158 
524959.474137 3432273.527719 0.000934 5790.803134 
3960740.283846 3432273.527719 0.000934 5790.803134 
3960783.449703 3432273.527719 0.000934 5790.803134 
3062796.946554 1897421.795438 0.000025 5722.601197 
3960790.012754 3432286.361162 0.000934 5790.803509 
4042917.599226 3533830.515047 0.000056 5793.700754 
1897134.453846 3438569.225565 0.114629 5790.979117 
4044851.882727 3533830.515047 0.000007 5793.700754 
2463902.626513 376395.927300 0.000000 0.000000 
4241230.595466 3935211.052263 0.000025 5804.105989 
4141890.488304 3300732.242731 0.000000 5709.545804 
513508.835043 2754662.188194 0.000000 5502.973819 
4144450.817592 3736581.080875 0.000048 5799.170546 
2974250.894795 3483048.803016 0.000115 5792.273095 
4148146.685773 3743492.973160 0.000049 5799.349027 
4138537.044872 3743509.330621 0.000115 5799.350660 
4138749.820589 3743509.330621 0.000115 5799.350660 
4138573.869856 3743509.330621 0.000115 5799.350660 
4134863.834386 3743562.965950 0.000238 5799.350428 
3738796.528823 4043863.364663 0.016249 5806.669243 
4680149.543708 4949276.341215 0.000120 5824.634221 
4275173.600060 4026685.755043 0.000120 5806.260118 
1906234.333920 1073362.486764 0.000000 0.000000 
4274939.485166 4026451.849864 0.000126 5806.268334 
4287252.039333 4037112.558808 0.000088 5806.515056 
6489589.227082 10596907.516167 0.000088 5878.981873 
4287162.963186 4037188.522704 0.000088 5806.517199 
4287014.399969 4037188.522704 0.000088 5806.517199 
3185820.070078 2070864.405702 0.000015 5733.837617 
4289853.272093 4037235.922121 0.000015 5806.517905 
3600826.240137 2722754.948894 0.000008 5766.250301 
10213498.159959 33275671.278971 0.000008 5931.105006 
714895.383922 4037011.423270 0.414948 5806.485863 
3701750.802991 12692794.096893 0.081054 5873.150849 
4447905.695636 4413767.804969 0.000046 5814.641096 
886150.108725 4432120.761547 0.000009 5815.012161 
4466689.210979 4432047.346897 0.000000 5815.011053 
4478111.000523 4457403.573642 0.000009 5815.543042 
4134201.476710 3717318.707394 0.000000 5798.671812 
6416401.834769 10309999.651775 0.000009 5877.344067 
4512328.471517 1168402.891301 0.000000 0.000000 
6331763.143312 9969044.468824 0.000000 5875.308234 
460655.036182 4530555.944571 0.000000 5816.987871 
5422450.485216 7092433.029847 0.000000 5852.756987 
1145526.350494 4459056.014455 0.000000 5815.576432 
4483255.692693 4484295.618949 0.000000 5816.078560 
4448627.754370 3760968.095440 0.000000 5693.738188 
4439492.994380 4485049.681249 0.000003 5816.093128 
4689903.752146 4954727.386965 0.000000 5824.740319 
4689866.664839 4954727.386965 0.000000 5824.740319 
4694180.528992 4954921.824694 0.000000 5824.743295 
17056997.321006 127799911.987793 0.000000 5942.308194 
4699770.850682 4968447.056996 0.000000 5824.974395 
4699770.850682 4968451.055753 0.000000 5824.974815 
618420.216044 3118933.337726 0.439386 5780.976525 
4710438.003049 4994387.981747 0.000000 5825.414716 
4709629.046759 4994403.686239 0.000000 5825.414982 
4709998.394407 4995151.042645 0.000004 5825.428330 
1321695.213594 4995151.042645 0.000004 5825.428330 
509460.210774 3356814.511200 0.000004 5788.559563 
4315761.973852 4089623.351190 0.000000 5807.520428 
4955179.476420 5488810.776560 0.000000 5823.721388 
4955179.476420 2236045.709032 0.000000 3453.579422 
2857530.760110 5410780.550288 0.061084 5822.476086 
427657.077503 5414522.322566 0.291222 5822.648613 
4613707.663756 5529425.175899 0.000054 5833.800361 
5340639.603962 6940960.510157 0.000011 5851.179841 
4836865.812384 5530297.366712 0.000007 5833.809735 
470864.217728 5529999.364573 0.024421 5833.783011 
4834849.217581 5530270.678651 0.000052 5833.807342 
5269787.302654 1957766.228541 0.000000 23.588000 
4962053.418090 5639968.300295 0.000059 5835.404630 
4967865.279584 5651870.538076 0.000059 5835.572913 
5079294.352015 12886568.987371 0.038785 5890.050258 
4968581.707436 5652574.773079 0.000008 5835.582854 
3646336.356069 1695435.624884 0.000000 4982.875035 
4913699.124039 1245211.480399 0.000000 0.000000 
4972860.860757 5658889.051393 0.000008 5835.671902 
3298365.593560 2236717.081799 0.000003 5743.370052 
4121007.471181 3685016.781169 0.000000 5797.824087 
4913126.757343 5502062.061385 0.000000 5833.415039 
7614798.513436 15616716.354466 0.000000 5899.955156 
1573381.550436 3353258.163761 0.000003 5788.450719 
8493050.843695 20543454.211263 0.000005 5912.590622 
5199387.781640 6272343.311339 0.000005 5843.683562 
2787999.201120 1539725.926848 0.000006 5694.049290 
4735936.336872 6278189.544182 0.010676 5843.748375 
1039407.897931 6280895.253613 0.331278 5843.781101 
760269.577440 6351878.231546 0.000060 5844.631994 
424588.086944 6351878.231546 0.717591 5844.631994 
232532.030315 6351980.341353 0.464839 5844.639451 
221568.428514 8286580.177593 1.169723 5863.516353 
402512.918195 6352570.395685 0.000122 5844.640225 
5763210.466674 7990761.774437 0.000044 5861.073204 
5115687.443362 6054368.454186 0.000071 5840.973418 
3015026.417762 6054363.586707 0.000029 5840.973036 
3320688.953703 577971.454081 0.000000 0.000000 
5116964.627165 6054363.586707 0.000044 5840.973036 
2792695.806510 1550491.380553 0.000162 5695.044370 
5837692.763634 8228534.479751 0.000030 5863.048011 
4532643.980044 6054299.346524 0.009682 5840.973494 
5543759.552651 7308816.533785 0.000161 5854.897473 
1517505.803763 7132998.399257 0.000036 5853.165770 
1086537.353026 7132912.474043 0.209591 5853.164908 
3614254.078037 7132912.474043 0.000728 5853.164908 
4230572.675509 4016701.238723 0.000728 5806.042229 
1740877.051781 393741.098053 0.000000 0.000000 
4266149.446825 4092016.399494 0.001315 5807.766937 
3244110.488013 7186739.229357 0.071084 5853.700521 
3600821.765932 7165249.173985 0.054646 5853.481918 
10780731.213561 13328922.118933 0.000000 4293.134704 
3946319.522642 1804050.303949 0.000000 4582.768124 
536073.431317 7173504.987502 0.000758 5853.569679 
5534269.277654 7488935.331439 0.001503 5856.608498 
5610269.565535 7488941.346583 0.000010 5856.608842 
8374655.655067 19823673.935649 0.000010 5911.040303 
5609758.932277 7487337.926598 0.000010 5856.593586 
796196.092759 4278723.963995 0.000004 5811.863868 
5598998.734663 7452965.344879 0.000005 5856.272138 
4922145.556197 5633569.536252 0.000931 5835.297725 
6515497.844106 10837521.776126 0.000662 5880.289648 
5574157.111434 7404311.981567 0.000179 5855.793452 
5537056.510821 7404341.717363 0.000909 5855.795182 
5536866.615891 7403824.348436 0.000905 5855.765072 
5845370.865342 8396234.405437 0.000814 5864.314131 
5848535.909130 8245446.588527 0.000000 5856.305018 
5878409.036636 8295188.393145 0.000000 5858.865330 
5887248.203809 8395296.468885 0.000000 5863.836612 
2301860.320328 8339557.532979 0.144599 5861.098023 
4455327.980643 8472602.206048 0.002229 5864.972665 
4998469.799681 8490521.341570 0.002179 5865.112182 
4998948.239475 8490734.393591 0.002177 5865.113835 
5885245.392898 8500687.370273 0.000639 5865.190987 
6723939.869306 12119910.385369 0.002170 5886.677670 
2647090.178755 8623589.191308 0.111664 5866.133104 
12803026.163869 62748407.297989 0.000070 5949.690356 
5950838.044901 3737543.734232 0.000000 4388.360675 
546875.257662 8600778.414115 0.000000 5865.975136 
5950589.052926 8600778.414115 0.000000 5865.975136 
5950509.261708 8600505.668268 0.000000 5865.973060 
2811377.698788 1568172.796254 0.000000 5696.656556 
4120038.348930 1178700.263487 0.000000 139.528554 
2867476.537563 1638381.973204 0.000000 5702.811375 
10028768.794684 31661162.384891 0.000000 5929.399407 
785378.015144 43618247.399234 0.193083 5939.751388 
5956985.638702 8622500.614882 0.000000 5866.140169 
6281621.104513 8713078.401319 0.000000 5822.159533 
6281229.010848 9781783.584237 0.000003 5874.146046 
9777194.590283 29766433.833045 0.000052 5927.208973 
1898633.027501 4557267.512166 0.137257 5817.498536 
6249209.638699 9728899.215718 0.000052 5873.806981 
6135412.082494 9750773.859391 0.001164 5873.950376 
6194742.156695 10282357.816192 0.001919 5877.182988 
7630654.048188 16760720.670565 0.001012 5903.375355 
6198292.603176 10282357.816192 0.001888 5877.182988 
1797824.883648 10282357.816192 0.001937 5877.182988 
5837445.593245 8570858.726540 0.000121 5865.746815 
882806.824173 10282357.816192 0.406417 5877.182988 
6301633.667276 3259039.730742 0.000000 2214.483984 
5641654.024510 10286917.752075 0.000070 5877.209645 
4430802.141935 10671427.370513 0.046889 5879.396521 
3333622.500430 2303490.033536 0.000171 5746.927338 
6471481.581733 10671427.370513 0.000171 5879.396521 
6353750.366457 10670221.025104 0.002176 5879.389843 
6360235.995157 10670221.025104 0.002239 5879.389843 
4827045.017030 5642727.383549 0.002259 5835.443686 
4842230.105530 5381630.792925 0.000059 5831.618009 
3688917.606203 2880067.410984 0.000073 5772.467293 
6603393.719216 11441131.805286 0.000719 5883.439110 
671505.566871 2677969.713760 0.000000 0.000000 
6665698.723957 11565704.727384 0.001056 5884.053487 
4750442.100279 3639097.770277 0.000000 545.476423 
1965318.079565 12124516.486701 0.000022 5886.711975 
1230965.662244 20714829.552398 0.000048 5912.948034 
3127519.734767 18414646.898649 0.137616 5907.749885 
6713792.110576 6670638.681299 0.000000 5374.331284 
1365552.855313 11613566.774603 0.303723 5884.294508 
4837880.168696 5319714.236021 0.000050 5830.671493 
7103465.555975 13247971.500834 0.000050 5891.533081 
987494.264524 13287300.712514 0.422433 5891.690834 
3115116.512915 13247947.405289 0.117296 5891.532984 
7131527.913233 13366846.577240 0.000006 5892.007798 
1013497.938337 13365352.205310 0.000006 5892.001869 
1685758.368648 13365352.205310 0.251829 5892.001869 
632182.577758 13365352.205310 0.000000 5892.001869 
6782983.684947 11973589.272017 0.000036 5886.008764 
233750.603164 2800934.985360 0.117692 5769.409452 
7799468.919119 16750938.096184 0.000010 5903.343326 
6756417.596477 11851661.681695 0.000015 5885.435132 
7700316.339275 16117532.707022 0.000016 5901.494465 
4439651.402317 3786051.858766 0.000000 5715.187515 
11023209.736276 75974864.562342 0.021061 5954.245848 
11888411.328851 50590302.441276 0.000004 5944.018082 
7748506.471809 16305017.877450 0.000000 5902.053329 
7712499.127918 16117209.564034 0.000000 5901.493493 
4755857.452656 5110239.073400 0.000004 5827.338757 
7656933.026714 16104898.582278 0.000001 5901.456458 
1912724.314854 14869818.843103 0.000001 5897.513147 
4116376.339669 1934556.697312 0.000000 4638.599103 
8082120.476202 7323685.964853 0.000000 4594.365176 
8082199.899421 18159057.067174 0.000092 5907.112518 
2766119.984824 4753568.441811 0.000000 888.166543 
8113359.966643 18295481.320044 0.000003 5907.452966 
2509794.598241 14810644.778363 0.000002 5897.313106 
5691863.094665 7745298.029858 0.000000 5858.941034 
13931499.285920 80555441.420196 0.000002 5955.557824 
1928436.707764 15544966.587962 0.233022 5899.727329 
8476164.699547 20438033.911208 0.000008 5912.367785 
8606779.742664 21253486.108209 0.000014 5914.042882 
8606779.742664 21253486.108209 0.000014 5914.042882 
6474773.044624 10516821.819510 0.000003 5878.531423 
8603104.224244 21223776.608579 0.000002 5913.983573 
1275371.343401 28078636.490507 0.395175 5925.082317 
1220277.121050 25616170.772242 0.000000 5921.607827 
844595.420182 25589039.433935 0.000000 5921.566798 
506176.254974 25639665.933744 0.000000 5921.643305 
1345050.749866 27323776.091901 0.333424 5765.407149 
10133699.735678 32572979.454802 0.000000 5930.383689 
9701177.956554 29147134.352794 0.000000 5926.452204 
9717977.126835 29137812.203625 0.000000 5926.440577 
10457634.987723 15995559.123032 0.000000 5275.799372 
12803258.251993 75609172.211039 0.000000 5954.137296 
11520432.075731 46267922.230447 0.000000 5941.486128 
12590741.564442 59620201.163319 0.000000 5948.397866 
6113912.606333 49472507.058147 0.074621 5943.396138 
12728201.240828 61547450.241576 0.000000 5949.205882 
21886614.676198 403141777.481691 0.000000 5980.061139 
13383163.426270 71387015.290100 0.000000 5952.810089 
