-1.391879 8048.410632 
-1.017762 142.081672 
0.084160 2723.245725 
-7.434980 1680.959754 
-1.479630 593.513908 
0.316809 1832.027494 
14.800049 918.603966 
-0.001472 24425.722992 
0.116053 21743.094093 
6.646997 281.017653 
-0.811480 112.189916 
0.193570 2932.328541 
-10.346322 2054.305957 
-0.147474 255.299837 
0.086249 3190.902575 
5.609212 952.967253 
-0.446724 125.133456 
0.001841 7355.790500 
-0.468029 10460.289501 
-0.012248 3142.708892 
0.064993 1321.672593 
9.319348 1421.452341 
-5.641446 62.766754 
0.049834 3814.513819 
-0.884316 6430.059857 
-1.167849 3949.444478 
0.021442 5505.632925 
21.749536 422.285242 
-17.381523 26.352757 
0.397938 545.540051 
8.141415 453.944161 
-30.773563 45.976948 
0.033207 4644.980897 
2.757709 1458.589604 
-5.422981 98.395893 
0.004901 11795.431943 
-4.422466 1133.290440 
-0.427153 641.504988 
0.066214 1429.278310 
0.543776 19065.165136 
-4.293263 126.376391 
0.066022 7491.643549 
-6.067089 1278.378594 
-15.768329 23.355427 
0.058355 2827.541925 
10.215146 1104.339116 
-23.172509 26.139417 
0.127007 5317.068883 
-1.727571 2245.584136 
-7.939409 1424.965513 
0.069374 3073.698751 
-4.669387 1782.625355 
-23.293376 19.055367 
0.263036 991.727786 
-0.755945 453.804665 
-23.564842 73.041022 
0.138023 1026.899771 
2.521515 1583.295662 
-28.066431 21.941634 
0.028024 5160.846621 
8.201985 1392.592589 
-7.854353 142.729779 
0.012975 11118.297024 
-14.563500 367.892757 
-3.015202 308.292994 
0.000916 32578.423906 
1.417479 7716.755299 
-5.573762 99.408460 
0.000421 32544.160623 
21.323322 456.175817 
-4.950014 35.945591 
0.182408 796.974335 
-18.490402 498.877855 
-0.638351 5391.731227 
0.001547 23276.510613 
