68.610040 0.000000 0.000000 867.544897 
44.479278 0.000000 0.000000 0.000000 
0.000000 0.000000 0.000000 804.080635 
67.494840 0.000000 0.000000 744.605441 
42.236834 0.000000 0.000000 459.888999 
0.000000 0.000000 0.000000 757.419170 
0.000000 0.000000 0.000000 615.642421 
66.555802 0.000000 0.000000 889.305864 
0.000000 0.000000 0.000000 887.986438 
12.528990 0.000000 0.000000 0.000000 
31.021432 0.000000 0.000000 0.000000 
0.000000 0.000000 0.000000 810.919941 
59.785400 0.000000 0.000000 772.846594 
24.557429 0.000000 0.000000 0.000000 
0.000000 0.000000 0.000000 818.138522 
2.725390 0.000000 0.000000 625.896142 
29.129544 0.000000 0.000000 0.000000 
17.090297 1.056745 0.000000 864.488929 
48.107200 0.000000 0.000000 875.028225 
46.865205 0.000000 0.000000 816.883170 
0.000000 0.000000 0.000000 702.362551 
0.000000 0.000000 0.000000 716.235837 
57.531987 0.000000 0.000000 0.000000 
0.000000 0.000000 0.000000 831.521548 
35.295868 0.000000 0.000000 859.376428 
45.948510 0.000000 0.000000 833.861078 
0.000000 0.000000 0.000000 852.555500 
0.000000 0.000000 0.000000 281.432326 
82.099465 0.000000 0.000000 0.000000 
0.000000 0.000000 0.000000 421.186392 
6.861220 0.000000 0.000000 324.572398 
113.551028 0.000000 0.000000 0.000000 
0.000000 0.000000 0.000000 843.764677 
7.006520 0.000000 0.000000 720.914670 
58.822266 0.000000 0.000000 0.000000 
4.776482 0.000000 0.000000 877.854817 
36.498340 0.000000 0.000000 669.510100 
29.513194 0.000000 0.000000 492.813766 
0.000000 0.000000 0.000000 717.242032 
0.000000 0.000000 0.000000 886.298991 
62.042931 0.000000 0.000000 0.000000 
0.000000 0.000000 0.000000 865.132885 
43.237840 0.000000 0.000000 695.669295 
84.462996 0.000000 0.000000 0.000000 
0.000000 0.000000 0.000000 807.618700 
0.000000 0.000000 0.000000 663.467583 
101.074299 0.000000 0.000000 0.000000 
0.000000 0.000000 0.000000 850.872933 
31.892230 0.000000 0.000000 783.677482 
76.376086 0.000000 0.000000 716.688897 
0.000000 0.000000 0.000000 815.017046 
60.635300 0.000000 0.000000 753.467808 
97.511491 0.000000 0.000000 0.000000 
0.000000 0.000000 0.000000 636.609175 
21.545390 0.000000 0.000000 324.395516 
113.676184 0.000000 0.000000 0.000000 
0.000000 0.000000 0.000000 645.630482 
1.295839 0.000000 0.000000 735.020075 
115.314101 0.000000 0.000000 0.000000 
1.195651 0.000000 0.000000 849.385824 
0.000000 0.000000 0.000000 712.427553 
71.207546 0.000000 0.000000 0.000000 
0.000000 0.000000 0.000000 876.506114 
45.498540 0.000000 0.000000 189.977866 
113.252860 0.000000 0.000000 52.715094 
17.949337 0.398684 0.000000 891.982055 
0.000000 0.000000 0.000000 866.150022 
54.728800 0.000000 0.000000 0.000000 
18.198250 0.822308 0.000000 891.973614 
0.000000 0.000000 0.000000 327.387445 
55.029014 0.000000 0.000000 0.000000 
0.000000 0.000000 0.000000 572.245406 
44.690390 0.000000 0.000000 376.400892 
114.500299 0.000000 0.000000 851.553223 
8.450916 0.000000 0.000000 888.777871 
