-4 3.229279 0
-5 2.783579 0
-2 3.223559 0
-1 2.844405 0
-6 2.754352 0
-4 2.7539 0
-5 2.791228 0
-4 3.199018 0
-2 2.809043 0
-7 3.219842 0
-7 2.867474 0
-7 3.227918 0
-6 3.266125 0
-7 2.763401 0
-5 2.830881 0
-5 2.792071 0
-3 2.743929 0
-7 2.831224 0
-6 3.310056 0
-2 2.858867 0
-2 3.223562 0
-4 3.217229 0
-3 3.222882 0
-3 3.223904 0
-4 3.220359 0
-2 2.908209 0
-6 3.352438 0
-6 3.220818 0
-5 3.059714 0
-7 3.217185 0
-1 3.034327 0
-3 3.274165 0
-7 3.265128 0
-3 3.267449 0
-6 3.277008 0
-9 3.105866 0
-5 3.314763 0
-6 3.307031 0
-4 3.318011 0
-5 3.307763 0
-3 3.219879 0
-4 3.227671 0
-5 3.218469 0
-4 3.235491 0
-3 3.131298 0
-5 3.369981 0
-7 3.23141 0
-7 3.242939 0
-8 3.220549 0
-9 3.227353 0
-7 3.058586 0
-7 3.266852 0
-6 3.262413 0
-8 3.258303 0
-12 3.468622 0
-6 3.300805 0
-5 3.304937 0
-3 3.305292 0
-7 3.299026 0
-6 3.305172 0
-2 3.111429 0
-3 3.216438 0
-5 3.225791 0
-2 3.133183 0
-5 3.21017 0
-7 3.388338 0
-10 3.220444 0
-8 3.22556 0
-7 3.214799 0
-6 3.234454 0
-8 3.441341 0
-11 3.535693 0
-6 3.206838 0
-11 3.466673 0
-13 3.475067 0
-10 3.471516 0
-4 3.320224 0
-7 3.300742 0
-7 3.324851 0
-6 3.317999 0
-2 3.110493 0
-4 3.370949 0
-6 3.141856 0
-7 3.394996 0
-7 3.380557 0
-5 3.384795 0
-6 3.211776 0
-5 3.208662 0
-7 3.216067 0
-8 3.218181 0
-12 3.542354 0
-6 3.478382 0
-10 3.469532 0
-10 3.465397 0
-9 3.45265 0
-10 3.468572 0
-10 3.51231 0
-13 3.492211 0
-9 3.468878 0
-9 3.278124 0
-5 3.362648 0
-9 3.428832 0
-4 3.374735 0
-6 3.407142 0
-10 3.394921 0
-7 3.388297 0
-9 3.209412 0
-6 3.211126 0
-7 3.210971 0
-7 3.214499 0
-5 3.316653 0
-3 3.478521 0
-4 3.476964 0
-7 3.473591 0
-6 3.498323 0
-15 3.469208 0
-12 3.510284 0
-13 3.514406 0
-8 3.509308 0
-11 3.505789 0
-10 3.420617 0
-9 3.423322 0
-10 3.430195 0
-7 3.385617 0
-8 3.438492 0
-9 3.379902 0
-7 3.202631 0
-7 3.205982 0
-5 3.208524 0
-8 3.206577 0
-6 3.185549 0
-7 3.498011 0
-4 3.48068 0
-4 3.477409 0
-5 3.470677 0
-8 3.564788 0
-9 3.497101 0
-13 3.514874 0
-12 3.511924 0
-11 3.48271 0
-6 3.369375 0
-9 3.428466 0
-7 3.408625 0
-7 3.358027 0
-8 3.393462 0
-6 3.383539 0
-7 3.390325 0
-7 3.211602 0
-8 3.206923 0
-5 3.401892 0
-5 3.474075 0
-4 3.475621 0
-5 3.471852 0
-5 3.47357 0
-4 3.472734 0
-7 3.488918 0
-9 3.495519 0
-10 3.494518 0
-10 3.503131 0
-10 3.496222 0
-8 3.376776 0
-7 3.401317 0
-6 3.345552 0
-5 3.418396 0
-6 3.396802 0
-7 3.380219 0
-5 3.302142 0
-6 3.391011 0
-3 3.289063 0
-4 3.396328 0
-3 3.468235 0
-6 3.476321 0
-6 3.473164 0
-2 3.464041 0
-6 3.47023 0
-11 3.586186 0
-9 3.502783 0
-9 3.504191 0
-9 3.495676 0
-10 3.496801 0
-9 3.413911 0
-9 3.371242 0
-8 3.362826 0
-10 3.420384 0
-6 3.376045 0
-6 3.384894 0
-7 3.369113 0
-5 3.417489 0
-5 3.327633 0
-4 3.399686 0
-6 3.367829 0
-3 3.451875 0
-5 3.448508 0
-2 3.454609 0
-2 3.450944 0
-10 3.502476 0
-9 3.489824 0
-9 3.50011 0
-9 3.500456 0
-13 3.503831 0
