-1 3.208806 0
-1 3.261829 0
-4 3.229546 0
-6 3.219264 0
-8 3.199473 0
-6 3.268486 0
-6 2.80086 0
-8 2.742138 0
-3 2.796511 0
-4 2.802388 0
-5 2.762591 0
-1 2.850629 0
-4 3.209786 0
-1 2.802468 0
-4 2.827177 0
-4 3.200093 0
-5 2.806815 0
-3 2.768578 0
-5 3.218252 0
-1 3.166543 0
-2 3.137309 0
-6 3.084108 0
-8 3.32709 0
-8 3.194455 0
-6 3.20584 0
-4 3.039261 0
-4 2.812991 0
-3 2.745223 0
-8 2.568752 0
-7 2.958088 0
-3 3.045078 0
-4 3.217483 0
-7 3.357316 0
-4 3.222409 0
-7 3.319619 0
-5 3.205387 0
-7 3.323175 0
-2 2.912668 0
-3 3.290614 0
-6 3.174217 0
-5 2.966537 0
-6 2.992133 0
-5 3.080892 0
-5 2.998378 0
-7 3.13952 0
-4 3.034983 0
-6 2.868359 0
-7 2.951311 0
-11 2.96887 0
-6 2.896373 0
-11 3.422047 0
-6 3.359458 0
-2 3.077351 0
-12 3.348554 0
-9 3.413019 0
-6 3.21404 0
-7 3.272496 0
-4 3.259242 0
-1 2.973509 0
-2 2.81404 0
-5 3.081665 0
-6 3.163269 0
-6 3.080649 0
-7 3.144686 0
-7 3.150793 0
-4 3.024603 0
-7 3.165311 0
-8 3.425534 0
-7 3.45425 0
-6 3.029312 0
-11 3.42235 0
-6 3.372677 0
-13 3.460718 0
-10 3.413516 0
-10 3.421053 0
-7 3.277258 0
-7 3.275939 0
-7 3.265314 0
-8 3.279864 0
-5 3.272889 0
-6 3.089874 0
-6 3.069809 0
-5 3.081 0
-6 3.148957 0
-7 3.14999 0
-13 3.379952 0
-9 3.449306 0
-10 3.388653 0
-7 3.449944 0
-7 3.462284 0
-11 3.467974 0
-9 3.474707 0
-10 3.41593 0
-15 3.455577 0
-7 3.425848 0
-9 3.380595 0
-6 3.263008 0
-5 3.276871 0
-3 3.210969 0
-5 3.270103 0
-7 3.155836 0
-5 3.148818 0
-6 3.155421 0
-4 3.443664 0
-10 3.481344 0
-9 3.442292 0
-9 3.458301 0
-7 3.450297 0
-7 3.458703 0
-6 3.450017 0
-5 3.471182 0
-12 3.461567 0
-10 3.411231 0
-8 3.41715 0
-10 3.393826 0
-12 3.425307 0
-6 3.26741 0
-7 3.387234 0
-5 3.256636 0
-5 3.389488 0
-6 3.153709 0
-11 3.492345 0
-3 3.361323 0
-9 3.435627 0
-6 3.377058 0
-7 3.462481 0
-6 3.459161 0
-6 3.45467 0
-7 3.45019 0
-6 3.45612 0
-17 3.505617 0
-11 3.513101 0
-7 3.558322 0
-5 3.530376 0
-7 3.405784 0
-10 3.388109 0
-9 3.426294 0
-5 3.383844 0
-8 3.373471 0
-9 3.389463 0
-10 3.430507 0
-6 3.472991 0
-11 3.419513 0
-9 3.468864 0
-8 3.456776 0
-4 3.473047 0
-10 3.419364 0
-5 3.452426 0
-5 3.451473 0
-13 3.445859 0
-6 3.557851 0
-4 3.526334 0
-4 3.50924 0
-6 3.527389 0
-6 3.52144 0
-9 3.567843 0
-9 3.294705 0
-8 3.302441 0
-5 3.381391 0
-13 3.475181 0
-11 3.41973 0
-8 3.410513 0
-12 3.424028 0
-11 3.435036 0
-11 3.408516 0
-11 3.398995 0
-11 3.417751 0
-7 3.447418 0
-6 3.455537 0
-6 3.546567 0
-7 3.513257 0
-7 3.523947 0
-7 3.517786 0
-8 3.513441 0
-8 3.526374 0
-7 3.519682 0
-12 3.4152 0
-8 3.280785 0
-10 3.294642 0
-5 3.306182 0
-9 3.400055 0
-13 3.400693 0
-8 3.401138 0
-9 3.442982 0
-9 3.434742 0
-9 3.472845 0
-4 3.48106 0
-5 3.453091 0
-5 3.441555 0
-5 3.425239 0
-9 3.528492 0
-6 3.511805 0
-6 3.52781 0
-7 3.529632 0
-6 3.54074 0
-6 3.341679 0
-10 3.32555 0
-8 3.280357 0
-7 3.263624 0
-7 3.346266 0
