-2 2.76282 0
-3 3.173724 0
-3 3.220183 0
-6 3.188089 0
-2 3.144334 0
-1 2.784508 0
-6 3.224293 0
-3 2.785986 0
-2 2.811631 0
-4 3.258976 0
-3 2.828812 0
-7 3.228162 0
-4 2.814161 0
-7 3.255184 0
-4 2.793042 0
-5 3.251016 0
-1 2.825014 0
-5 3.256765 0
-3 3.25019 0
-3 2.79956 0
-4 3.073957 0
-4 3.171098 0
-4 3.022932 0
-2 3.022263 0
-3 3.345899 0
-3 2.989027 0
-2 3.342229 0
-3 3.248266 0
-6 2.903373 0
-4 3.259767 0
-6 3.221656 0
-5 3.217184 0
-5 3.356828 0
-4 3.228265 0
-5 3.463763 0
-4 3.250119 0
-5 3.254938 0
-6 3.249745 0
-4 3.247986 0
-4 3.25633 0
-4 3.173024 0
-4 3.405633 0
-4 3.405073 0
-4 3.339946 0
-5 3.342919 0
-4 3.361858 0
-4 2.937293 0
-6 2.906767 0
-3 2.812601 0
-4 3.221651 0
-4 3.226288 0
-5 3.216843 0
-5 3.225097 0
-4 3.23343 0
-4 3.232078 0
-7 3.406907 0
-6 3.28378 0
-4 3.250638 0
-6 3.249107 0
-6 3.255197 0
-3 3.121009 0
-3 3.168889 0
-3 3.166676 0
-6 3.40688 0
-4 3.136776 0
-6 3.36349 0
-5 3.095482 0
-4 3.459476 0
-4 3.465429 0
-5 3.242618 0
-8 3.211855 0
-3 3.224776 0
-4 3.232245 0
-5 3.237077 0
-7 3.2319 0
-2 3.133246 0
-6 3.282166 0
-6 3.276115 0
-5 3.297571 0
-5 3.279439 0
-6 3.390094 0
-6 3.411818 0
-6 3.422807 0
-3 3.374423 0
-4 3.35537 0
-6 3.34989 0
-1 3.482626 0
-3 3.460532 0
-5 3.455143 0
-6 3.464471 0
-5 3.248032 0
-6 3.23983 0
-8 3.234999 0
-6 3.228101 0
-7 3.219917 0
-6 3.115846 0
-6 3.286489 0
-6 3.279637 0
-6 3.28004 0
-8 3.289381 0
-6 3.417818 0
-2 3.425768 0
-6 3.434932 0
-4 3.40408 0
-5 3.372393 0
-5 3.565558 0
-6 3.293342 0
-5 3.435542 0
-4 3.480553 0
-4 3.226777 0
-5 3.238575 0
-8 3.219298 0
-6 3.22116 0
-8 3.206758 0
-8 3.219785 0
-5 3.269295 0
-2 3.282938 0
-7 3.280501 0
-7 3.280871 0
-4 3.291133 0
-2 3.429537 0
-7 3.428905 0
-2 3.420785 0
-7 3.279287 0
-6 3.429878 0
-10 3.430673 0
-6 3.502484 0
-4 3.432516 0
-4 3.432951 0
-6 3.431372 0
-4 3.223366 0
-4 3.229411 0
-6 3.225902 0
-7 3.211673 0
-5 3.208728 0
-9 3.397714 0
-8 3.406178 0
-6 3.281557 0
-6 3.286776 0
-5 3.275049 0
-5 3.271967 0
-5 3.288497 0
-6 3.281604 0
-9 3.440391 0
-6 3.26971 0
-6 3.283307 0
-6 3.442272 0
-6 3.422202 0
-5 3.423075 0
-6 3.42233 0
-8 3.277064 0
-6 3.211289 0
-5 3.224899 0
-6 3.206126 0
-6 3.209546 0
-6 3.397446 0
-8 3.391464 0
-6 3.406542 0
-10 3.339619 0
-6 3.407912 0
-5 3.275747 0
-3 3.29071 0
-7 3.283402 0
-7 3.286609 0
-12 3.500856 0
-6 3.483883 0
-8 3.406017 0
-9 3.426347 0
-7 3.419868 0
-5 3.4139 0
-6 3.421146 0
-5 3.217078 0
-6 3.217078 0
-6 3.382736 0
-9 3.179842 0
-6 3.391075 0
-8 3.383295 0
-8 3.402854 0
-8 3.406007 0
-7 3.395844 0
-7 3.278586 0
-7 3.29736 0
-7 3.284507 0
-1 3.458254 0
-6 3.288003 0
-5 3.410569 0
-8 3.413009 0
-5 3.410819 0
-6 3.406225 0
-7 3.416167 0
-7 3.433886 0
-4 3.340721 0
-9 3.448368 0
-4 3.21804 0
-2 3.230717 0
-10 3.406094 0
-7 3.405786 0
-6 3.380703 0
-9 3.374345 0
-12 3.396912 0
