-4 3.213984 0
-4 2.754695 0
-5 3.198689 0
-3 3.20782 0
-2 2.759321 0
-6 3.279423 0
-3 2.771754 0
-8 2.75293 0
-4 2.816004 0
-4 2.751878 0
-2 3.220338 0
-5 3.129309 0
-5 2.762911 0
-4 2.800517 0
-6 3.226687 0
-3 3.205378 0
-5 2.760776 0
-5 2.793442 0
-3 3.192032 0
-6 2.789235 0
-4 3.211188 0
-7 3.321713 0
-5 2.879211 0
-3 3.213656 0
-3 3.216804 0
-3 3.218729 0
-4 2.884811 0
-5 2.739057 0
-8 3.401982 0
-2 3.378238 0
-1 3.272163 0
-2 3.22266 0
-4 3.408164 0
-5 3.229222 0
-7 3.229202 0
-2 3.003011 0
-10 3.39865 0
-3 3.183337 0
-4 3.223179 0
-3 3.200193 0
-3 3.219873 0
-5 3.219835 0
-7 3.199852 0
-4 3.220134 0
-3 3.201512 0
-3 3.218953 0
-4 3.073731 0
-3 3.15297 0
-9 3.39712 0
-3 3.554157 0
-6 3.575499 0
-4 3.415447 0
-5 3.416626 0
-5 3.404681 0
-3 3.408578 0
-10 3.393124 0
-9 3.387319 0
-10 3.397826 0
-10 3.405799 0
-10 3.401386 0
-3 3.206623 0
-3 3.218954 0
-3 3.199808 0
-5 3.06547 0
-3 3.050862 0
-1 3.106043 0
-3 3.148329 0
-3 3.137361 0
-3 3.165105 0
-3 3.061876 0
-5 3.411162 0
-2 3.412033 0
-5 3.407479 0
-6 3.409541 0
-3 3.413827 0
-11 3.53592 0
-8 3.389063 0
-9 3.414614 0
-11 3.406274 0
-11 3.397112 0
-6 3.300679 0
-7 2.876506 0
-6 3.31272 0
-3 3.041331 0
-3 3.041618 0
-3 3.174529 0
-3 3.156414 0
-3 3.142987 0
-4 3.155316 0
-3 3.082207 0
-4 3.031056 0
-4 3.163979 0
-6 3.421668 0
-11 3.538651 0
-7 3.499754 0
-12 3.558494 0
-10 3.531816 0
-9 3.407236 0
-9 3.405104 0
-10 3.367326 0
-2 3.045141 0
-1 3.048293 0
-3 3.044114 0
-7 3.044916 0
-4 3.041725 0
-4 3.013221 0
-5 3.181737 0
-4 3.006625 0
-4 3.183553 0
-4 3.146999 0
-6 3.423784 0
-5 3.417236 0
-5 3.424453 0
-6 3.417873 0
-6 3.42356 0
-8 3.540711 0
-10 3.526394 0
-10 3.529583 0
-10 3.540372 0
-11 3.532425 0
-2 3.046076 0
-1 3.053827 0
-2 3.051254 0
-2 3.010502 0
-1 2.999379 0
-4 3.056408 0
-3 3.156684 0
-4 3.032367 0
-2 3.147086 0
-6 3.459202 0
-8 3.401056 0
-1 3.425726 0
-6 3.422733 0
-5 3.415648 0
-9 3.50948 0
-5 3.397752 0
-8 3.516208 0
-10 3.521601 0
-10 3.51929 0
-9 3.52194 0
-1 3.059737 0
-3 3.065805 0
-2 3.058813 0
-2 3.012312 0
-3 3.02365 0
-3 3.136822 0
-4 3.026955 0
-4 3.034302 0
-6 3.104176 0
-2 3.015462 0
-3 3.427112 0
-1 3.422945 0
-1 3.424366 0
-3 3.390421 0
-3 3.427371 0
-7 3.56437 0
-9 3.515816 0
-7 3.383824 0
-9 3.563876 0
-7 3.394487 0
-1 3.06393 0
-2 3.063154 0
-5 3.074963 0
-5 3.162216 0
-2 3.148369 0
-4 3.01591 0
-3 3.024491 0
-5 3.094918 0
-4 3.033134 0
-6 3.148645 0
-3 3.423384 0
-1 3.401489 0
-3 3.394849 0
-4 3.427389 0
-5 3.370367 0
-7 3.54749 0
-4 3.441344 0
-10 3.560418 0
-11 3.552663 0
-8 3.555086 0
-2 2.940724 0
-4 3.03924 0
-2 2.929721 0
-2 3.155619 0
-3 3.010607 0
-5 2.999454 0
-6 3.055632 0
-6 3.461716 0
-4 3.03965 0
-2 3.117699 0
-5 3.424235 0
-2 3.429114 0
-1 3.429899 0
-3 3.426819 0
-9 3.436057 0
-7 3.522215 0
-7 3.533976 0
-9 3.516096 0
-7 3.514318 0
-7 3.54255 0
