-6 2.770178 0
-3 2.85218 0
-6 3.247915 0
-4 3.239553 0
-4 2.744098 0
-2 2.753518 0
-2 2.846599 0
-3 2.850745 0
-3 2.832557 0
-2 2.77818 0
-4 2.812654 0
-1 3.231895 0
-4 2.750741 0
-2 3.166681 0
-4 3.123376 0
-4 2.804481 0
-2 2.866338 0
-5 3.248359 0
-2 2.872501 0
-3 3.198609 0
-4 3.232722 0
-3 3.243742 0
-4 3.238343 0
-5 3.234529 0
-5 3.238252 0
-7 3.382407 0
-4 3.296601 0
-2 3.080413 0
-1 3.102664 0
-4 3.093071 0
-6 2.817579 0
-3 3.161258 0
-3 2.866859 0
-5 2.872287 0
-2 3.070716 0
-3 3.242006 0
-1 3.20826 0
-4 2.784328 0
-3 3.201555 0
-3 3.193227 0
-5 3.231732 0
-7 3.242072 0
-4 3.246691 0
-6 3.244884 0
-6 3.233634 0
-4 3.224745 0
-1 2.975149 0
-2 2.95539 0
-2 2.965686 0
-2 3.258489 0
-3 3.215793 0
-2 2.950285 0
-3 3.146869 0
-3 3.163401 0
-4 3.245547 0
-3 3.413478 0
-4 3.063042 0
-6 3.408729 0
-2 3.191645 0
-3 3.206604 0
-6 3.246444 0
-6 3.241631 0
-7 3.25289 0
-4 3.228093 0
-4 3.238265 0
-5 3.234623 0
-1 2.970999 0
-4 3.321215 0
-3 2.915063 0
-2 3.21527 0
-2 3.213902 0
-5 3.269646 0
-1 3.233872 0
-4 2.965367 0
-1 2.950171 0
-2 2.93428 0
-3 2.970133 0
-1 3.037717 0
-7 3.373177 0
-5 3.385888 0
-1 3.226584 0
-2 3.222276 0
-4 3.241139 0
-6 3.227394 0
-4 3.239966 0
-4 3.221168 0
-3 3.203595 0
-2 3.235196 0
-2 3.183921 0
-1 2.955501 0
-2 3.261256 0
-3 3.270061 0
-4 3.254515 0
-6 3.261059 0
-4 3.264088 0
-7 3.391593 0
-5 3.333856 0
-2 3.222019 0
-5 3.382803 0
-4 3.357496 0
-4 3.204253 0
-2 3.226167 0
-3 3.204939 0
-3 3.247353 0
-3 3.30871 0
-3 3.2029 0
-3 3.206096 0
-4 3.215145 0
-1 3.117001 0
-3 3.123176 0
-5 3.277976 0
-5 3.260121 0
-4 3.28586 0
-3 3.280403 0
-5 3.380685 0
-2 3.10612 0
-4 3.226757 0
-3 3.226946 0
-2 3.229731 0
-1 3.228218 0
-1 3.200007 0
-3 3.332574 0
-1 3.194914 0
-6 3.324169 0
-3 3.324526 0
-2 3.296371 0
-2 3.243777 0
-3 3.207179 0
-3 3.243011 0
-4 3.428778 0
-10 3.492108 0
-6 3.255058 0
-3 3.211638 0
-4 3.239308 0
-4 3.388436 0
-4 3.265837 0
-2 3.21266 0
-2 3.215003 0
-1 3.227929 0
-5 3.20334 0
-4 3.325494 0
-2 3.330383 0
-3 3.289472 0
-5 3.323536 0
-3 3.291938 0
-3 3.243164 0
-3 3.258815 0
-4 3.240165 0
-2 3.187622 0
-4 3.254107 0
-6 3.416709 0
-4 3.221896 0
-5 3.377688 0
-5 3.379613 0
-5 3.386054 0
-5 3.376239 0
-1 3.230359 0
-1 3.224949 0
-2 3.220091 0
-1 3.225978 0
-3 3.283235 0
-3 3.269698 0
-3 3.267664 0
-4 3.276168 0
-2 3.264433 0
-5 3.294612 0
-3 3.250541 0
-3 3.252239 0
-2 3.248463 0
-3 3.21291 0
-2 3.144795 0
-5 3.159033 0
-5 3.373913 0
-6 3.39387 0
-5 3.374866 0
-4 3.392891 0
-4 3.377587 0
-5 3.329507 0
-2 3.208099 0
-1 3.200855 0
-1 3.269229 0
-3 3.267903 0
-2 3.252301 0
-4 3.286708 0
-3 3.306748 0
-3 3.220948 0
-2 3.216295 0
-2 3.243902 0
-2 3.240848 0
-3 3.242951 0
-3 3.171743 0
-7 3.167878 0
-8 3.131029 0
-6 3.155435 0
-6 3.385671 0
-1 3.250922 0
-4 3.252809 0
-1 3.234002 0
-6 3.324707 0
-3 3.341474 0
