-3 3.216821 0
-2 2.800832 0
-2 2.803989 0
-5 3.136693 0
-4 3.193369 0
-4 2.76899 0
-5 2.832133 0
-5 3.272542 0
-4 3.228315 0
-4 3.177788 0
-3 2.860685 0
-3 3.276504 0
-2 3.200091 0
-1 3.179844 0
-4 3.277766 0
-2 2.808256 0
-2 2.791665 0
-3 2.839216 0
-4 3.241646 0
-6 3.237476 0
-6 3.103534 0
-4 3.311112 0
-4 3.367335 0
-5 3.187883 0
-7 3.350541 0
-7 3.070174 0
-8 3.401416 0
-4 3.2638 0
-3 3.278437 0
-5 3.264122 0
-5 3.277576 0
-3 3.271289 0
-3 3.279688 0
-2 3.385649 0
-6 3.403116 0
-4 3.458651 0
-5 3.084522 0
-6 3.344115 0
-7 3.278041 0
-6 3.398493 0
-5 3.369629 0
-3 3.191989 0
-4 3.185727 0
-4 3.334217 0
-6 3.468207 0
-8 3.153496 0
-7 3.399191 0
-8 3.403349 0
-6 3.400394 0
-9 3.311366 0
-4 3.121242 0
-1 3.267864 0
-5 3.274232 0
-3 3.279683 0
-2 3.269561 0
-3 3.227554 0
-6 3.599265 0
-5 3.304832 0
-5 3.300309 0
-7 3.386302 0
-4 3.501314 0
-9 3.535283 0
-1 3.284629 0
-5 3.339014 0
-3 3.299407 0
-6 3.414122 0
-5 3.404078 0
-9 3.390204 0
-8 3.407832 0
-8 3.399738 0
-5 3.172118 0
-5 3.270338 0
-4 3.269083 0
-5 3.266646 0
-4 3.258479 0
-5 3.657797 0
-6 3.633748 0
-7 3.457269 0
-6 3.364286 0
-7 3.580354 0
-8 3.345712 0
-6 3.329376 0
-6 3.341802 0
-5 3.336989 0
-7 3.33444 0
-4 3.325181 0
-7 3.393724 0
-9 3.404043 0
-5 3.400523 0
-7 3.3978 0
-6 3.488738 0
-9 3.505225 0
-5 3.271759 0
-4 3.260877 0
-6 3.52444 0
-5 3.467318 0
-7 3.442566 0
-7 3.459542 0
-10 3.455117 0
-7 3.458467 0
-6 3.334998 0
-7 3.334896 0
-5 3.335946 0
-5 3.31717 0
-5 3.352046 0
-5 3.329628 0
-8 3.377326 0
-9 3.377891 0
-7 3.395443 0
-8 3.380191 0
-6 3.509094 0
-4 3.258729 0
-4 3.260993 0
-4 3.256957 0
-5 3.19506 0
-11 3.451699 0
-7 3.450019 0
-8 3.441052 0
-11 3.459905 0
-9 3.453056 0
-7 3.313765 0
-3 3.310014 0
-7 3.299165 0
-7 3.301793 0
-5 3.308079 0
-8 3.43147 0
-5 3.385141 0
-6 3.351079 0
-7 3.364618 0
-10 3.370774 0
-7 3.517961 0
-3 3.25995 0
-3 3.253961 0
-7 3.478421 0
-6 3.350738 0
-7 3.4525 0
-11 3.460099 0
-11 3.456108 0
-6 3.447423 0
-6 3.452498 0
-9 3.44054 0
-6 3.31247 0
-8 3.306207 0
-9 3.448705 0
-6 3.425191 0
-10 3.426664 0
-6 3.368278 0
-5 3.367757 0
-4 3.357904 0
-8 3.382254 0
-11 3.520338 0
-6 3.334303 0
-9 3.348715 0
-3 3.348549 0
-2 3.347709 0
-10 3.455886 0
-10 3.462433 0
-10 3.463595 0
-9 3.448283 0
-8 3.458489 0
-10 3.438307 0
-9 3.455721 0
-7 3.417718 0
-7 3.415769 0
-7 3.405414 0
-7 3.435687 0
-7 3.414123 0
-7 3.349168 0
-5 3.382809 0
-10 3.543294 0
-6 3.519203 0
-3 3.339347 0
-3 3.350821 0
-4 3.311393 0
-8 3.515398 0
-12 3.443607 0
-10 3.453144 0
-11 3.46528 0
-5 3.474172 0
-11 3.45197 0
-7 3.409584 0
-6 3.416997 0
-7 3.42232 0
-6 3.415754 0
-7 3.411113 0
-6 3.405475 0
-6 3.413701 0
-8 3.582145 0
-5 3.444175 0
-8 3.345732 0
-6 3.522208 0
-5 3.525682 0
-7 3.505109 0
-5 3.388085 0
-7 3.438069 0
-7 3.433441 0
-10 3.461069 0
-7 3.455263 0
-10 3.469216 0
-10 3.471512 0
