-5 3.253477 0
-4 2.814749 0
-4 2.87438 0
-6 2.774523 0
-6 3.196461 0
-5 2.770309 0
-2 3.191946 0
-2 3.156718 0
-1 2.786887 0
-6 2.76504 0
-4 2.925795 0
-2 2.837687 0
-5 3.209359 0
-7 2.837789 0
-4 3.250271 0
-4 2.85629 0
-1 2.77442 0
-2 2.822488 0
-5 2.818978 0
-4 2.924156 0
-9 3.420688 0
-9 3.458237 0
-4 3.029688 0
-6 3.191845 0
-12 3.389468 0
-3 3.039903 0
-1 3.189919 0
-2 3.301349 0
-3 3.181924 0
-5 2.995083 0
-2 3.200341 0
-5 3.415609 0
-3 3.035822 0
-6 3.398028 0
-3 3.239923 0
-3 3.316789 0
-1 2.746297 0
-3 3.124846 0
-4 3.027666 0
-3 2.755253 0
-4 3.022368 0
-5 3.033718 0
-3 3.027509 0
-5 3.029638 0
-3 3.031784 0
-3 3.01685 0
-3 3.294845 0
-2 3.300272 0
-3 3.318863 0
-2 3.294026 0
-3 3.048568 0
-2 2.992769 0
-6 3.453012 0
-4 3.254049 0
-3 3.22754 0
-2 2.97422 0
-8 3.360092 0
-6 3.438336 0
-4 3.016363 0
-5 2.983155 0
-3 3.047263 0
-5 3.02569 0
-5 3.027399 0
-4 3.033755 0
-4 3.348319 0
-6 2.996437 0
-2 3.278129 0
-2 3.299779 0
-2 3.286511 0
-2 3.285685 0
-2 3.224931 0
-2 3.261777 0
-4 3.252591 0
-2 3.237498 0
-2 3.325181 0
-7 3.362236 0
-9 3.362795 0
-3 3.249055 0
-2 3.247564 0
-9 3.467144 0
-5 3.025572 0
-5 3.045961 0
-5 3.026638 0
-6 3.034496 0
-5 3.01872 0
-7 3.421725 0
-3 3.267424 0
-6 3.419994 0
-2 3.267704 0
-1 3.090318 0
-1 3.252571 0
-2 3.251086 0
-2 3.265104 0
-2 3.271883 0
-1 3.222003 0
-2 3.339406 0
-5 3.278173 0
-5 3.241461 0
-4 3.199717 0
-5 3.393195 0
-5 3.02628 0
-8 3.326446 0
-7 3.44646 0
-5 2.987923 0
-4 3.003411 0
-7 3.41915 0
-5 3.463852 0
-2 3.227273 0
-3 3.245256 0
-5 3.36612 0
-1 3.293909 0
-2 3.300449 0
-2 3.267452 0
-1 3.270657 0
-3 3.268474 0
-4 3.360298 0
-6 3.290994 0
-6 3.273108 0
-4 3.278421 0
-8 3.364129 0
-4 2.996608 0
-4 3.42577 0
-5 2.982194 0
-7 3.415724 0
-6 3.415347 0
-4 3.344181 0
-6 3.299746 0
-2 3.244216 0
-4 3.241374 0
-3 3.242457 0
-3 3.255169 0
-2 3.27015 0
-3 3.272017 0
0 3.262002 0
-2 3.262221 0
-2 3.343641 0
-6 3.350269 0
-6 3.395809 0
-6 3.380518 0
-7 3.370143 0
-6 3.416975 0
-8 3.393142 0
-5 3.415469 0
-7 3.18303 0
-7 3.473068 0
-12 3.508216 0
-3 3.238652 0
-1 3.231791 0
-2 3.244136 0
-3 3.247859 0
-3 3.253341 0
-2 3.214894 0
-2 3.267588 0
-1 3.263138 0
-2 3.353429 0
-4 3.312246 0
-3 3.357542 0
-7 3.333113 0
-4 3.370714 0
-7 3.362489 0
-5 3.414555 0
-4 3.42007 0
-4 3.405956 0
-4 3.474373 0
-6 3.534468 0
-4 3.471276 0
-1 3.230931 0
-1 3.230028 0
-2 3.232939 0
-3 3.250558 0
-1 3.190819 0
-3 3.254334 0
-1 3.264818 0
-1 3.262958 0
-1 3.271852 0
-3 3.333856 0
-2 3.367531 0
-4 3.37617 0
-4 3.366293 0
-2 3.333761 0
-5 3.473606 0
-6 3.47733 0
-3 3.469287 0
-3 3.466421 0
-5 3.472091 0
-8 3.487428 0
-5 3.423753 0
-4 3.230721 0
-5 3.251772 0
-3 3.249443 0
-2 3.187047 0
-4 3.192383 0
-1 3.257501 0
-2 3.260073 0
-1 3.282115 0
-2 3.248231 0
-3 3.324829 0
-1 3.326492 0
-3 3.352911 0
-3 3.357613 0
