-2 2.757723 0
-3 3.282358 0
-5 3.135951 0
-3 2.785361 0
-5 2.812142 0
-4 3.167422 0
-2 2.793881 0
-6 2.746136 0
-4 2.852294 0
-2 2.816266 0
-3 2.78233 0
-5 3.245646 0
-4 3.267345 0
-4 3.2701 0
-3 2.791406 0
-4 3.236047 0
0 2.740287 0
-5 2.746063 0
-5 2.775027 0
-2 2.760805 0
-3 3.27357 0
-3 3.285889 0
-3 3.280549 0
-9 3.350945 0
-7 3.341659 0
-3 3.172276 0
-4 3.263307 0
-3 2.632545 0
-3 2.664759 0
-5 3.372652 0
-4 3.249587 0
-3 3.24908 0
-4 3.44203 0
-6 3.059475 0
-5 3.411148 0
-3 3.237336 0
-1 2.796446 0
-2 3.255948 0
-3 3.37643 0
-4 3.373337 0
-3 3.292268 0
-3 3.289057 0
-2 3.283168 0
-6 3.224155 0
-7 3.412496 0
-5 3.289892 0
-3 3.390073 0
-4 3.269558 0
-6 3.438557 0
-6 3.078403 0
-4 3.241785 0
-4 3.246595 0
-4 3.37807 0
-7 3.37974 0
-6 3.397582 0
-2 3.364027 0
-1 3.365719 0
-4 3.38119 0
-3 3.379881 0
-1 3.37924 0
-4 3.257307 0
-3 3.286764 0
-3 3.248342 0
-4 3.27359 0
-3 3.263836 0
-3 3.271042 0
-7 3.436563 0
-6 3.44809 0
-3 3.433033 0
-8 3.538093 0
-3 3.180778 0
-4 3.23639 0
-4 3.143594 0
-4 3.431094 0
-2 3.450561 0
-4 3.394335 0
-3 3.365047 0
-6 3.384671 0
-4 3.38461 0
-4 3.379477 0
-3 3.303486 0
-4 3.273459 0
-3 3.241865 0
-4 3.266418 0
-4 3.297509 0
-2 3.271061 0
-9 3.541572 0
-7 3.206798 0
-9 3.507926 0
-9 3.531298 0
-8 3.531727 0
-10 3.563738 0
-3 3.327871 0
-3 3.422785 0
-4 3.46465 0
-4 3.403252 0
-4 3.388352 0
-4 3.369354 0
-3 3.414174 0
-2 3.372207 0
-1 3.281732 0
-4 3.24811 0
-3 3.244043 0
-4 3.272018 0
-3 3.260778 0
-3 3.263979 0
-7 3.524123 0
-8 3.536189 0
-6 3.28277 0
-10 3.618879 0
-2 3.326926 0
-2 3.325451 0
-3 3.330732 0
-3 3.316931 0
-4 3.395675 0
-3 3.377659 0
-3 3.408592 0
-5 3.400798 0
-4 3.376815 0
-4 3.405209 0
-6 3.294593 0
-4 3.289607 0
-3 3.304111 0
-4 3.262581 0
-5 3.277027 0
-3 3.254461 0
-5 3.190268 0
-9 3.275949 0
-3 3.067789 0
-8 3.543452 0
-3 3.30317 0
-4 3.322008 0
-2 3.327955 0
-1 3.32996 0
-3 3.329443 0
-2 3.312475 0
-3 3.376958 0
-4 3.389132 0
-4 3.371479 0
-5 3.36266 0
-5 3.280248 0
-6 3.248932 0
-5 3.311115 0
-3 3.26671 0
-4 3.258106 0
-5 3.264242 0
-4 3.274087 0
-10 3.599393 0
-4 3.183584 0
-13 3.600624 0
-4 3.31927 0
-3 3.321026 0
-2 3.332705 0
-3 3.322443 0
-4 3.413197 0
-5 3.351002 0
-4 3.346594 0
-4 3.358296 0
-5 3.396714 0
-3 3.355633 0
-6 3.220568 0
-5 3.315861 0
-5 3.312797 0
-5 3.318911 0
-5 3.279902 0
-3 3.28518 0
-9 3.534512 0
-6 3.473462 0
-2 3.079352 0
-11 3.556659 0
-3 3.325959 0
-3 3.315076 0
-6 3.305129 0
-3 3.324457 0
-4 3.266628 0
-7 3.35089 0
-4 3.377388 0
-3 3.362288 0
-3 3.370537 0
-5 3.355086 0
-4 3.230809 0
-6 3.288995 0
-5 3.319715 0
-4 3.267053 0
-4 3.25775 0
-7 3.302192 0
-5 3.509851 0
-10 3.53831 0
-7 3.554415 0
-3 3.241099 0
-4 3.300121 0
-5 3.290422 0
-7 3.28862 0
-5 3.306856 0
-6 3.305688 0
-2 3.360748 0
-5 3.344519 0
-4 3.36137 0
-5 3.359709 0
-5 3.351445 0
