-4 3.251024 0
-3 2.783252 0
-3 2.815721 0
-5 2.813706 0
0 2.83904 0
-8 2.799203 0
-3 2.782902 0
-4 2.773595 0
-4 3.232283 0
-4 2.803782 0
-4 2.818098 0
-3 3.244366 0
-3 2.763322 0
-2 3.223868 0
-6 2.786668 0
-4 2.822881 0
-2 3.179252 0
-4 2.882453 0
-6 2.772521 0
-3 3.329532 0
-6 3.302278 0
-4 2.958882 0
-2 3.242597 0
-6 3.214044 0
-5 3.019794 0
-3 2.835014 0
-4 3.233603 0
-4 3.233035 0
-3 3.229306 0
-4 2.957023 0
-1 3.003056 0
-3 3.227081 0
-3 3.220358 0
-3 3.213823 0
-3 3.216651 0
-5 2.999163 0
-5 3.374369 0
-2 3.102996 0
-2 3.33452 0
-3 3.406391 0
-4 3.307389 0
-6 3.304698 0
-3 3.167035 0
-5 3.220517 0
-6 3.130748 0
-8 3.204429 0
-4 3.231185 0
-3 3.213338 0
-4 3.234404 0
-3 3.237261 0
-2 3.213796 0
-1 2.964012 0
-4 3.2026 0
-2 3.214228 0
-5 3.208192 0
-7 3.358269 0
-8 3.374864 0
-6 3.376417 0
-6 3.373994 0
-6 3.368846 0
-6 3.40023 0
-3 3.302307 0
-4 3.302835 0
-6 3.416415 0
-6 3.217048 0
-7 3.061317 0
-4 3.251996 0
-2 3.247599 0
-4 3.237491 0
-2 3.237626 0
-4 3.194537 0
-3 3.212881 0
-3 3.217781 0
-4 3.204995 0
-6 3.470049 0
-9 3.363183 0
-7 3.391775 0
-4 3.375936 0
-9 3.370745 0
-8 3.385131 0
-4 3.280366 0
-4 3.304967 0
-6 3.325522 0
-5 3.441262 0
-6 3.324393 0
-5 3.301587 0
-2 3.206342 0
-4 3.232071 0
-4 3.225544 0
-3 3.040898 0
-4 3.024449 0
-3 3.206832 0
-2 3.209933 0
-3 3.130073 0
-7 3.450454 0
-5 3.350049 0
-9 3.37501 0
-6 3.368574 0
-6 3.382398 0
-5 3.36233 0
-3 3.279241 0
-4 3.29289 0
-5 3.287628 0
-5 3.274982 0
-6 3.315136 0
-6 3.323007 0
-4 3.238543 0
-6 3.23925 0
-4 3.229689 0
-4 3.226792 0
-4 3.205909 0
-2 3.201574 0
-5 3.071421 0
-3 3.21758 0
-4 3.085282 0
-8 3.37411 0
-5 3.36909 0
-5 3.36263 0
-6 3.366536 0
-5 3.368286 0
-5 3.305018 0
-3 3.275617 0
-3 3.29115 0
-7 3.258498 0
-6 3.26786 0
-6 3.306039 0
-6 3.434868 0
-4 3.226637 0
-4 3.236796 0
-3 3.240421 0
-6 3.397777 0
-5 3.215881 0
-2 3.220174 0
-7 3.468855 0
-11 3.514073 0
-6 3.34685 0
-5 3.359058 0
-6 3.354447 0
-8 3.358627 0
-6 3.363256 0
-2 3.26929 0
-5 3.257048 0
-2 3.305893 0
-6 3.501338 0
-4 3.430638 0
-4 3.477723 0
-7 3.429582 0
-7 3.299418 0
-6 3.458136 0
-5 3.216285 0
-5 3.413054 0
-7 3.015252 0
-3 3.20174 0
-4 3.056606 0
-4 3.138731 0
-9 3.34521 0
-6 3.377516 0
-7 3.371583 0
-6 3.389019 0
-6 3.364057 0
-6 3.527873 0
-5 3.529556 0
-6 3.49369 0
-8 3.427933 0
-4 3.432572 0
-7 3.514437 0
-9 3.456154 0
-7 3.463895 0
-6 3.463959 0
-7 3.452376 0
-7 3.402034 0
-9 3.481353 0
-5 3.297625 0
-5 3.047415 0
-4 3.361788 0
-7 3.382766 0
-5 3.351055 0
-7 3.35603 0
-6 3.384129 0
-6 3.36578 0
-5 3.493236 0
-7 3.533928 0
-5 3.531321 0
-7 3.518215 0
-3 3.42933 0
-4 3.443651 0
-6 3.495881 0
-5 3.453629 0
-7 3.462694 0
-6 3.447295 0
-10 3.541936 0
-6 3.520228 0
-4 3.340383 0
-3 3.367272 0
-3 3.363866 0
-4 3.356216 0
-6 3.364908 0
-5 3.359215 0
-4 3.345138 0
-5 3.356133 0
