-3 3.25255 0
-5 2.831102 0
-4 3.295776 0
-3 3.158958 0
-5 2.75884 0
-7 2.86607 0
-5 2.831044 0
-3 2.79349 0
-3 2.801088 0
-5 2.800401 0
-2 3.135701 0
-6 3.211852 0
-5 3.182502 0
-1 2.774722 0
-3 2.743343 0
-3 2.811988 0
-2 3.226782 0
-3 2.735496 0
-3 3.213251 0
-2 2.744972 0
-3 3.291153 0
-6 3.288376 0
-4 3.294324 0
-8 3.298099 0
-1 3.048912 0
-4 3.307006 0
-7 2.850151 0
-2 2.915029 0
-3 3.286422 0
-3 3.151359 0
-4 3.135552 0
-4 3.212226 0
-2 2.886926 0
-4 2.899371 0
-5 3.211264 0
-1 3.189808 0
-1 3.208138 0
-1 2.938204 0
0 2.925583 0
-4 3.207613 0
-6 3.279043 0
-5 3.301637 0
-4 3.299343 0
-6 3.29977 0
-4 3.275517 0
-3 3.27461 0
-5 3.268488 0
-3 2.957595 0
-3 2.929146 0
-2 2.998112 0
0 2.870862 0
-2 3.030703 0
-3 3.008462 0
-4 3.027302 0
-6 3.014515 0
-2 3.193185 0
0 3.203927 0
-1 3.125871 0
0 3.134318 0
-2 2.935823 0
-5 3.301477 0
-4 3.292876 0
-3 3.299626 0
-3 3.301462 0
-4 3.302635 0
-3 3.305325 0
-2 3.202864 0
-5 3.187226 0
-2 3.032846 0
-3 3.208358 0
-3 3.012275 0
-3 3.011216 0
-5 2.840585 0
-4 3.009991 0
-4 2.853877 0
-2 3.127409 0
0 3.195801 0
-3 3.139589 0
0 3.133221 0
0 3.132351 0
-3 3.28348 0
-5 3.292564 0
-5 3.310015 0
-3 3.306028 0
-4 3.296639 0
-5 3.316497 0
-3 3.173586 0
-1 3.196279 0
-3 3.108401 0
-2 3.311019 0
-4 3.215547 0
-3 2.85833 0
-6 2.857807 0
-2 3.341417 0
-5 2.939223 0
-2 3.196446 0
0 3.107893 0
0 3.125669 0
0 3.133811 0
0 3.132552 0
-3 3.276222 0
-3 3.276779 0
-4 3.271067 0
-6 3.317638 0
-5 3.313719 0
-3 3.311511 0
-4 3.369935 0
-4 3.200722 0
-2 3.14688 0
-3 3.198867 0
-2 3.337265 0
-5 3.485793 0
-2 3.351032 0
-2 3.339781 0
-2 3.177319 0
0 3.127913 0
0 3.11121 0
0 3.142308 0
0 3.145026 0
0 3.117069 0
-5 3.309872 0
-6 3.316558 0
-5 3.321417 0
-5 3.323936 0
-5 3.312995 0
-5 3.313129 0
-5 3.370251 0
-4 3.154001 0
-3 3.376999 0
-8 3.469997 0
-3 3.331516 0
-2 3.333432 0
-1 3.171698 0
-2 3.16175 0
-3 3.176459 0
-2 3.170407 0
-2 3.139222 0
0 3.132847 0
-2 3.1299 0
0 3.116918 0
-5 3.321537 0
-6 3.321632 0
-5 3.322519 0
-4 3.313494 0
-4 3.337018 0
-4 3.318086 0
-3 3.366595 0
-3 3.363545 0
-4 3.293964 0
-7 3.558433 0
-3 3.304054 0
-3 3.248868 0
-2 3.208964 0
-2 3.374381 0
-2 3.127896 0
-3 3.140863 0
-2 3.127241 0
-3 3.138091 0
-1 3.126252 0
-3 3.150828 0
-6 3.312174 0
-4 3.314737 0
-4 3.328148 0
-5 3.321927 0
-6 3.318109 0
-4 3.312679 0
-5 3.289621 0
-6 3.303869 0
-4 3.30147 0
-7 3.238729 0
-2 3.338633 0
-2 3.353513 0
-2 3.095801 0
-2 3.132553 0
-3 3.094627 0
-3 3.123498 0
-1 3.092453 0
-2 3.142522 0
-3 3.124977 0
-2 3.112066 0
-6 3.310792 0
-5 3.320475 0
-7 3.314599 0
-5 3.272395 0
-6 3.310177 0
-5 3.283548 0
-4 3.280524 0
-4 3.280191 0
-6 3.279686 0
-4 3.26893 0
-4 3.017548 0
-2 3.121547 0
-3 3.120335 0
-5 3.16623 0
-1 3.094404 0
-2 3.1398 0
-4 3.119135 0
0 3.149739 0
-2 3.126301 0
-2 3.134638 0
