-5 3.120653 0
-3 3.146636 0
-5 3.245355 0
-3 3.306593 0
-3 2.788958 0
-3 3.266644 0
-5 3.268413 0
-4 2.782591 0
-4 2.799058 0
-4 2.913159 0
-4 3.227754 0
-7 2.808608 0
-5 2.787501 0
-6 3.277694 0
-4 2.80217 0
-4 3.218523 0
-2 2.795855 0
-1 2.822145 0
-3 2.770683 0
-5 2.766415 0
-4 3.307064 0
-4 3.284063 0
-5 3.295921 0
-4 3.305279 0
-3 3.318027 0
-1 3.316325 0
-2 2.899261 0
-6 2.914395 0
-6 2.855046 0
-1 2.939397 0
-7 3.23804 0
-6 3.409167 0
-5 3.096178 0
-4 3.344694 0
-5 3.266831 0
-2 3.029487 0
-7 3.223115 0
-2 3.240673 0
-3 3.223076 0
-3 2.773257 0
-5 3.306225 0
-5 3.298722 0
-2 3.304134 0
-2 3.29202 0
-5 3.324114 0
-3 3.316796 0
-6 3.405469 0
-5 2.857534 0
-8 2.850205 0
-4 3.089715 0
-5 3.418777 0
-4 3.347415 0
-5 3.33985 0
-5 3.352214 0
-4 3.335996 0
-3 3.086915 0
-3 3.230812 0
-5 3.235481 0
-3 3.231428 0
-3 3.236492 0
-1 3.30719 0
-3 3.302237 0
-2 3.303836 0
-3 3.294097 0
-4 3.305395 0
-2 3.306756 0
-8 3.389338 0
-5 3.397053 0
-6 3.396699 0
-6 3.242472 0
-6 3.324205 0
-9 3.362919 0
-6 3.327191 0
-4 3.333158 0
-10 3.329021 0
-8 3.503686 0
-8 3.465186 0
-3 3.246092 0
-3 3.251398 0
-2 3.23868 0
-2 3.301509 0
-3 3.316138 0
-2 3.308009 0
-3 3.305339 0
-1 3.291344 0
-5 3.388812 0
-8 3.392181 0
-1 3.269309 0
-9 3.387511 0
-9 3.531999 0
-3 3.414087 0
-8 3.362742 0
-9 3.332213 0
-6 3.353442 0
-8 3.341349 0
-5 3.533187 0
-4 3.433766 0
-8 3.465738 0
-9 3.463357 0
-7 3.437406 0
-1 3.314803 0
-3 3.37511 0
-3 3.3087 0
-5 3.386599 0
-6 3.384783 0
-4 3.383779 0
-7 3.311029 0
-8 3.489186 0
-9 3.53303 0
-9 3.51458 0
-4 3.42583 0
-9 3.346215 0
-8 3.336571 0
-4 3.424982 0
-6 3.35459 0
-10 3.438807 0
-8 3.486341 0
-7 3.500953 0
-9 3.434755 0
-9 3.460327 0
-7 3.3466 0
-3 3.368004 0
-5 3.401355 0
-9 3.353323 0
-4 3.385125 0
-5 3.3878 0
-10 3.54183 0
-9 3.528056 0
-7 3.53736 0
-1 3.408068 0
-7 3.381234 0
-9 3.352612 0
-6 3.434992 0
-7 3.343261 0
-7 3.353723 0
-4 3.346951 0
-11 3.410159 0
-8 3.424673 0
-7 3.439602 0
-7 3.440316 0
-4 3.338106 0
-8 3.368386 0
-6 3.333121 0
-2 3.292418 0
-5 3.340844 0
-7 3.371133 0
-5 3.434111 0
-4 3.411559 0
-3 3.409335 0
-3 3.431063 0
-5 3.425278 0
-5 3.430784 0
-6 3.428394 0
-8 3.428231 0
-8 3.43686 0
-9 3.357113 0
-8 3.424381 0
-4 3.43556 0
-9 3.42501 0
-9 3.436116 0
-3 3.286072 0
-7 3.358339 0
-3 3.27821 0
-7 3.268447 0
-6 3.538385 0
-3 3.288571 0
-3 3.40559 0
-3 3.408393 0
-5 3.445651 0
-7 3.390567 0
-8 3.432163 0
-4 3.433876 0
-7 3.428782 0
-6 3.427615 0
-7 3.418507 0
-10 3.357759 0
-9 3.427997 0
-9 3.423871 0
-9 3.4166 0
-10 3.430081 0
-5 3.377145 0
-8 3.538815 0
-8 3.347675 0
-5 3.453464 0
-7 3.378995 0
-6 3.339937 0
-9 3.344349 0
-9 3.416059 0
-5 3.382718 0
-8 3.405189 0
-7 3.424553 0
-4 3.417132 0
-6 3.428749 0
-5 3.429622 0
-7 3.440918 0
-7 3.515492 0
-9 3.529048 0
-9 3.42748 0
-11 3.420475 0
-8 3.451771 0
