-5 2.755932 0
-5 2.750389 0
-5 3.2169 0
-2 2.768509 0
-4 3.13449 0
-2 2.731288 0
-4 3.173639 0
-3 2.797236 0
-2 2.772424 0
-1 2.82937 0
-4 2.824994 0
-2 2.780073 0
-6 2.81068 0
-7 2.74722 0
-1 2.734285 0
-4 3.128823 0
0 2.750116 0
-2 3.138093 0
-1 2.755533 0
-2 3.139038 0
-5 3.339734 0
-6 3.205724 0
-5 3.217376 0
-4 3.028355 0
-4 3.331278 0
-7 3.372076 0
-4 3.169972 0
-4 3.167925 0
-4 3.175971 0
-4 2.995211 0
-2 2.788136 0
-6 3.214245 0
-4 3.307068 0
-4 3.277377 0
-5 3.110675 0
-3 3.115304 0
-3 2.905798 0
-6 3.343433 0
-3 3.138433 0
-2 3.132501 0
-5 3.219835 0
-4 3.347664 0
-6 3.220982 0
-4 3.193312 0
-6 3.373253 0
-6 3.352205 0
-8 3.36374 0
-4 2.900443 0
-1 2.878837 0
-5 2.960651 0
-3 3.299563 0
-5 3.30939 0
-5 3.303313 0
-3 3.315657 0
-5 3.452129 0
-4 3.336518 0
-6 3.32756 0
-4 3.330249 0
-6 3.33539 0
-6 3.335247 0
-6 3.236134 0
-6 3.218131 0
-5 3.219665 0
-6 3.221862 0
-3 3.227876 0
-9 3.189027 0
-10 3.3601 0
-6 3.37397 0
-8 3.363288 0
-2 3.192395 0
-3 3.320683 0
-4 3.325694 0
-3 3.312552 0
-1 3.212198 0
-7 3.44335 0
-5 3.307421 0
-4 3.326432 0
-3 3.321008 0
-2 3.326829 0
-3 3.313075 0
-4 3.220648 0
-7 3.215742 0
-4 3.221957 0
-7 3.227014 0
-7 3.256704 0
-4 3.352378 0
-7 3.359357 0
-7 3.366544 0
-6 3.366333 0
-10 3.507926 0
-3 3.19872 0
-3 3.307765 0
-9 3.458475 0
-3 3.31246 0
-4 3.179559 0
-4 3.329191 0
-7 3.340605 0
-4 3.322959 0
-8 3.331471 0
-4 3.330404 0
-6 3.210343 0
-6 3.214368 0
-5 3.217917 0
-4 3.22364 0
-5 3.213111 0
-6 3.218001 0
-5 3.370042 0
-6 3.357242 0
-6 3.374768 0
-13 3.533859 0
-12 3.510556 0
-3 3.294943 0
-3 3.206444 0
-3 3.30727 0
-3 3.311671 0
-4 3.342592 0
-8 3.319333 0
-7 3.325186 0
-5 3.334313 0
-8 3.327205 0
-6 3.216661 0
-3 3.221749 0
-6 3.218839 0
-4 3.354679 0
-7 3.3591 0
-4 3.34367 0
-7 3.356512 0
-6 3.364221 0
-9 3.37352 0
-7 3.082528 0
-7 3.428997 0
-2 3.215907 0
-3 3.210198 0
-2 3.215306 0
-3 3.301426 0
-7 3.299975 0
-8 3.310139 0
-9 3.345047 0
-5 3.336994 0
-6 3.336362 0
-6 3.229142 0
-8 3.239361 0
-7 3.224472 0
-6 3.223306 0
-6 3.211757 0
-7 3.348241 0
-8 3.354323 0
-6 3.351101 0
-7 3.351529 0
-9 3.507492 0
-4 3.300153 0
-2 3.176146 0
-4 3.291005 0
-3 3.189004 0
-2 3.298769 0
-5 3.302632 0
-4 3.34373 0
-9 3.333244 0
-8 3.331696 0
-8 3.333866 0
-6 3.22829 0
-6 3.216521 0
-6 3.226353 0
-6 3.21964 0
-5 3.223291 0
-9 3.381655 0
-9 3.504329 0
-10 3.494195 0
-8 3.510715 0
-10 3.563456 0
-5 3.291044 0
-6 3.297271 0
-6 3.345883 0
-4 3.260919 0
-8 3.300194 0
-5 3.354741 0
-6 3.277758 0
-7 3.334882 0
-6 3.288343 0
-7 3.276361 0
-5 3.2254 0
-5 3.212879 0
-5 3.231163 0
-7 3.230656 0
-4 3.228786 0
-7 3.216277 0
-5 3.350528 0
-8 3.526737 0
-7 3.344157 0
-9 3.329957 0
-8 3.343502 0
-8 3.297327 0
-4 3.349387 0
-5 3.288249 0
-4 3.308597 0
-8 3.334561 0
-7 3.332624 0
-7 3.338854 0
-9 3.355837 0
-6 3.340429 0
