-2 3.238323 0
-2 2.809601 0
-4 3.221118 0
-4 2.732639 0
-5 3.221318 0
-3 3.187309 0
-4 2.768355 0
-3 2.798417 0
-7 2.750523 0
-1 3.193 0
-4 2.797359 0
-3 2.771236 0
-7 3.229404 0
-1 3.247536 0
-2 3.236521 0
-6 2.810429 0
-2 3.185757 0
-3 3.21428 0
-1 2.781952 0
-4 2.752271 0
-3 2.965147 0
-7 3.398046 0
-3 2.971455 0
-5 3.243534 0
-5 3.230861 0
-7 3.232529 0
-7 3.333956 0
-5 2.998277 0
-5 3.370292 0
-1 3.177017 0
-3 3.363542 0
-6 3.406617 0
-4 3.078628 0
-4 3.238494 0
-5 3.225392 0
-3 3.365686 0
-3 3.018573 0
-3 3.191273 0
-5 3.18714 0
-4 3.188267 0
-5 3.215716 0
-8 3.201313 0
-5 3.252855 0
-6 3.218459 0
-4 3.224907 0
-6 3.231856 0
-5 3.380136 0
-1 3.24273 0
-1 3.1839 0
-1 3.171711 0
-1 3.175469 0
-2 3.249262 0
-3 3.248142 0
-5 3.294238 0
-10 3.447234 0
-1 3.255105 0
-4 3.372489 0
-3 3.011725 0
-3 3.023491 0
-3 3.007819 0
-7 3.207374 0
-4 3.264568 0
-9 3.212053 0
-4 3.184413 0
-4 3.250825 0
-1 3.201005 0
-4 3.410449 0
-2 3.243243 0
0 3.240703 0
-2 3.24485 0
-1 3.158519 0
-2 3.244728 0
-4 3.330916 0
-3 3.246696 0
-1 3.249357 0
-10 3.497142 0
-4 3.349072 0
-7 3.376963 0
-4 3.360418 0
-5 3.361869 0
-5 3.369933 0
-11 3.35463 0
-5 3.03604 0
-2 3.206387 0
-7 3.03279 0
-4 3.261729 0
-2 3.245376 0
-3 3.235439 0
-3 3.245519 0
-3 3.239764 0
-2 3.337882 0
-5 3.261222 0
-7 3.279047 0
-3 3.353554 0
-4 3.328071 0
-5 3.118253 0
-4 3.460705 0
-6 3.336105 0
-5 3.358055 0
-5 3.463889 0
-1 3.210135 0
-3 3.204998 0
-3 3.200209 0
-2 3.205791 0
-3 3.203967 0
-3 3.256675 0
-5 3.264664 0
-6 3.397802 0
-4 3.243747 0
-2 3.182662 0
-5 3.367707 0
-5 3.340747 0
-3 3.359448 0
-6 3.363952 0
-5 3.354582 0
-5 3.193716 0
-5 3.538695 0
-7 3.468074 0
-4 3.333658 0
-7 3.468584 0
-4 3.211817 0
-2 3.211863 0
-3 3.199902 0
-2 3.217609 0
-2 3.197838 0
-6 3.422862 0
-5 3.39563 0
-6 3.400972 0
-6 3.388741 0
-6 3.434548 0
-4 3.364515 0
-4 3.325447 0
-6 3.347562 0
-4 3.31438 0
-5 3.344738 0
-4 3.338225 0
-3 3.249294 0
-8 3.45495 0
-9 3.46527 0
-5 3.456546 0
-3 3.198457 0
-2 3.209334 0
-2 3.202606 0
-6 3.430147 0
-4 3.400205 0
-8 3.440834 0
-4 3.386317 0
-8 3.423703 0
-3 3.324927 0
-6 3.430888 0
-2 3.299344 0
-4 3.314253 0
-5 3.321376 0
-4 3.310819 0
-3 3.318536 0
-6 3.356622 0
-3 3.248638 0
-4 3.241252 0
-3 3.248586 0
-3 3.250162 0
-6 3.432894 0
-5 3.442164 0
-7 3.418083 0
-8 3.421977 0
-6 3.436184 0
-6 3.430542 0
-8 3.389087 0
-3 3.323827 0
-6 3.407145 0
-8 3.400537 0
-5 3.382694 0
-5 3.322955 0
-5 3.324961 0
-6 3.306269 0
-2 3.299388 0
-5 3.34488 0
-4 3.31233 0
-4 3.248735 0
-4 3.361559 0
-4 3.215681 0
-8 3.401868 0
-7 3.435641 0
-5 3.423559 0
-6 3.42378 0
-2 3.432785 0
-8 3.420558 0
-9 3.377632 0
-7 3.437818 0
-6 3.326853 0
-6 3.380321 0
-5 3.375167 0
-7 3.392891 0
-4 3.328581 0
-5 3.382506 0
-3 3.309722 0
-2 3.225141 0
-7 3.339538 0
-8 3.37198 0
-3 3.243028 0
-4 3.250555 0
