-3 2.730699 0
-4 3.221023 0
-5 2.763294 0
-3 2.755572 0
-7 3.193962 0
-3 3.193632 0
-8 3.193925 0
-3 3.272482 0
-6 3.205321 0
-5 3.226263 0
-3 3.241097 0
-2 2.755589 0
-4 2.765242 0
-6 2.797868 0
-5 3.162854 0
-5 3.217464 0
-5 2.790926 0
-5 3.133237 0
-2 2.726834 0
-4 3.208485 0
-5 3.353406 0
-2 3.050447 0
-1 3.065206 0
-7 3.359214 0
-8 3.382175 0
-5 3.192448 0
-7 3.201299 0
-4 3.194732 0
-5 3.204539 0
-3 3.005347 0
-3 3.240633 0
-4 3.326694 0
-3 3.257463 0
-4 3.15922 0
-6 2.870013 0
-4 3.210093 0
-4 3.307885 0
-3 3.1953 0
-6 3.308677 0
-3 3.207241 0
-8 3.455308 0
-6 3.242287 0
-4 3.357832 0
-9 3.488462 0
-5 3.073526 0
-10 3.488064 0
-8 3.199619 0
-6 3.216958 0
-7 3.18551 0
-4 3.385515 0
-3 3.393318 0
-4 3.158584 0
-5 3.153419 0
-4 3.16716 0
-6 3.344345 0
-5 3.261066 0
-5 3.352321 0
-5 3.326852 0
-6 3.307604 0
-7 3.303076 0
-8 3.478624 0
-10 3.475157 0
-11 3.502178 0
-10 3.488516 0
-8 3.51018 0
-10 3.510057 0
-4 3.165382 0
-7 3.460086 0
-5 3.429999 0
-5 3.38937 0
-5 3.156164 0
-6 3.148724 0
-2 3.423817 0
-3 3.406088 0
-7 3.43888 0
-5 3.309023 0
-6 3.306664 0
-6 3.247997 0
-4 3.301961 0
-6 3.307321 0
-9 3.493229 0
-11 3.494532 0
-9 3.478541 0
-9 3.483136 0
-7 3.490428 0
-11 3.489848 0
0 3.094162 0
-2 3.101013 0
-5 3.375859 0
-6 3.391064 0
-7 3.511096 0
-5 3.162257 0
-7 3.288246 0
-7 3.349546 0
-5 3.307485 0
-5 3.317284 0
-4 3.309174 0
-7 3.31394 0
-4 3.27479 0
-3 3.305739 0
-10 3.490603 0
-8 3.485988 0
-10 3.475388 0
-8 3.419812 0
-10 3.484133 0
-2 3.085293 0
-6 3.37073 0
-4 3.379918 0
-5 3.364013 0
-5 3.372832 0
-10 3.4859 0
-10 3.543323 0
-1 3.15434 0
-8 3.468304 0
-3 3.299002 0
-2 3.298846 0
-6 3.3095 0
-4 3.307537 0
-6 3.285805 0
-5 3.31334 0
-6 3.41882 0
-5 3.091583 0
-9 3.417478 0
-7 3.419413 0
-7 3.198615 0
-4 3.066439 0
-5 3.413326 0
-3 3.373861 0
-3 3.37618 0
-6 3.50847 0
-10 3.528478 0
-10 3.525509 0
-7 3.461987 0
-8 3.546583 0
-6 3.517645 0
-5 3.311491 0
-5 3.279605 0
-4 3.285131 0
-6 3.28107 0
-4 3.279766 0
-4 3.094005 0
-5 3.097933 0
-8 3.09347 0
-7 3.194124 0
-4 3.187162 0
-1 3.103235 0
-3 3.370169 0
-3 3.372313 0
-4 3.371167 0
-6 3.547917 0
-9 3.545658 0
-11 3.544694 0
-10 3.535212 0
-9 3.558732 0
-7 3.541145 0
-4 3.309555 0
-3 3.328067 0
-3 3.268997 0
-3 3.295032 0
-4 3.27935 0
-6 3.096781 0
-5 3.08542 0
-5 3.089528 0
-2 3.104443 0
-5 3.220745 0
-3 3.178279 0
-3 3.361764 0
-4 3.365932 0
-5 3.37045 0
-3 3.36668 0
-10 3.598091 0
-7 3.496652 0
-8 3.544756 0
-8 3.556222 0
-10 3.552087 0
-3 3.306946 0
-2 3.329751 0
-3 3.326327 0
-2 3.325024 0
-3 3.329742 0
-5 3.098096 0
-7 3.2266 0
-4 3.05991 0
-4 3.478079 0
-7 3.206876 0
-2 3.089447 0
-4 3.363938 0
-3 3.362264 0
-4 3.374602 0
-3 3.375548 0
-5 3.546012 0
-6 3.532574 0
-9 3.535534 0
-8 3.539645 0
-12 3.554466 0
-3 3.366684 0
-4 3.315948 0
-2 3.325634 0
-2 3.335206 0
-3 3.326779 0
