-5 3.24016 0
-2 2.73959 0
-4 3.214603 0
-6 3.226711 0
-5 3.211162 0
-5 3.207896 0
-8 2.878295 0
-6 2.814085 0
-5 3.267334 0
-4 2.800017 0
-9 2.789472 0
-2 2.784119 0
-3 3.248735 0
-6 2.741195 0
-4 2.775686 0
-1 3.166662 0
0 2.725301 0
-5 3.139913 0
-1 2.717668 0
-5 3.189457 0
-4 3.211225 0
-4 3.205806 0
-3 3.198012 0
-5 3.221546 0
-2 3.300577 0
-4 2.85583 0
-4 2.808178 0
-2 3.329257 0
-3 3.050466 0
-4 3.006556 0
-2 2.914495 0
-6 3.216759 0
-3 3.297712 0
-5 3.334945 0
-4 3.29313 0
-1 3.043516 0
-1 3.167317 0
-4 3.189087 0
-5 3.191975 0
-2 3.308879 0
-3 3.214456 0
-6 3.212121 0
-3 3.393572 0
-4 3.3519 0
-2 3.148898 0
-2 3.092341 0
-3 3.49576 0
-3 3.323027 0
-4 2.858681 0
-2 3.034981 0
-1 2.936984 0
-3 3.260575 0
-6 3.284692 0
-2 3.30518 0
-4 3.286928 0
-5 3.288084 0
-2 3.220942 0
-1 3.297699 0
-2 3.312001 0
-2 3.284634 0
-3 3.402043 0
-4 3.392739 0
-3 3.396063 0
0 3.301218 0
-3 3.39618 0
-4 3.402048 0
-3 3.085784 0
-2 2.8687 0
-3 3.221621 0
-1 3.242686 0
-1 2.901318 0
-3 2.977597 0
-4 3.279434 0
-3 3.299438 0
-5 3.29278 0
0 3.299251 0
-5 3.41315 0
-3 3.296643 0
-2 3.311501 0
-3 3.294456 0
-3 3.392037 0
-1 3.385691 0
-1 3.396176 0
-2 3.371968 0
-3 3.373699 0
-3 3.386002 0
-5 3.541858 0
-2 3.240101 0
-2 3.237391 0
-1 3.237314 0
-9 3.482205 0
-5 3.465265 0
-4 3.277264 0
-3 3.283333 0
-3 3.407501 0
-3 3.195308 0
-6 3.29569 0
-3 3.305686 0
-1 3.295958 0
-2 3.302841 0
-2 3.363767 0
-2 3.370791 0
-2 3.370733 0
0 3.386323 0
-2 3.381417 0
-3 3.358868 0
-7 3.497485 0
-8 3.562116 0
-7 3.390362 0
-11 3.483079 0
-10 3.481756 0
-3 3.392817 0
-7 3.433086 0
-7 3.52005 0
-5 3.433537 0
-3 3.270371 0
-5 3.190564 0
-5 3.293369 0
-5 3.191826 0
-1 3.26616 0
-4 3.367607 0
-2 3.370949 0
-5 3.383937 0
-2 3.384187 0
-2 3.392265 0
-3 3.393244 0
-3 3.332901 0
-9 3.392125 0
-5 3.392859 0
-7 3.385759 0
-6 3.527505 0
-8 3.457248 0
-3 3.443325 0
-5 3.464014 0
-8 3.441519 0
-3 3.189324 0
-3 3.221481 0
-2 3.313607 0
-2 3.296062 0
-1 3.296141 0
-4 3.354822 0
-4 3.371336 0
-2 3.369869 0
-4 3.360989 0
-2 3.381384 0
-3 3.37717 0
-7 3.390069 0
-5 3.332963 0
-7 3.390431 0
-7 3.393849 0
-10 3.274841 0
-9 3.593401 0
-8 3.589782 0
-6 3.454166 0
-5 3.462264 0
-2 3.302514 0
-3 3.293512 0
-3 3.304895 0
-4 3.280995 0
-2 3.277277 0
-1 3.365091 0
-3 3.358412 0
-2 3.362478 0
-3 3.337937 0
-5 3.352668 0
-1 3.372287 0
-6 3.419043 0
-5 3.392935 0
-7 3.390574 0
-6 3.384611 0
-5 3.347696 0
-8 3.634257 0
-13 3.598086 0
-8 3.590429 0
-8 3.495166 0
-6 3.378208 0
-6 3.364377 0
-2 3.289577 0
-2 3.276536 0
-3 3.283766 0
-2 3.364299 0
-2 3.350605 0
-4 3.351809 0
-2 3.363987 0
-1 3.333858 0
-2 3.358224 0
-9 3.397934 0
-8 3.390907 0
-8 3.37899 0
-6 3.38002 0
-8 3.38908 0
-9 3.264298 0
-6 3.365094 0
-8 3.51254 0
-7 3.42418 0
-7 3.360756 0
-5 3.322438 0
-6 3.326835 0
-4 3.413525 0
-6 3.36109 0
