-3 3.207571 0
-6 3.238021 0
-1 3.219504 0
-7 2.760184 0
-7 2.752106 0
-2 2.783685 0
-2 3.191654 0
-3 3.236859 0
-3 3.223162 0
-2 3.179614 0
-3 2.720956 0
-6 3.190416 0
-7 2.805337 0
-3 2.782115 0
-3 3.228773 0
-7 3.152938 0
-3 2.715113 0
-4 3.098429 0
-5 3.144639 0
-5 2.81309 0
-5 3.207479 0
-2 3.052224 0
-4 3.204449 0
-1 3.219276 0
-4 3.404892 0
0 3.226355 0
-3 3.228599 0
-3 3.231657 0
-3 3.238139 0
-3 3.226001 0
-2 3.023069 0
-7 3.418806 0
-11 3.366521 0
-2 3.044752 0
-2 3.219744 0
-4 3.00427 0
-5 3.127564 0
-4 3.160946 0
-6 3.132044 0
-5 3.135005 0
0 3.161086 0
-2 3.049781 0
0 3.193961 0
-1 3.133967 0
-7 3.415435 0
-8 3.379099 0
-3 3.229073 0
-4 3.2333 0
-3 3.241227 0
-4 3.240194 0
0 2.895435 0
-1 3.039255 0
-2 3.205855 0
-1 3.222227 0
-2 3.218909 0
-5 2.992191 0
-8 3.404514 0
-5 3.140019 0
-5 3.136741 0
-5 3.149446 0
-4 3.045722 0
-2 3.272926 0
-4 3.104274 0
-7 3.360897 0
-4 3.037175 0
-5 3.432849 0
-3 3.233954 0
-3 3.232853 0
-4 3.231332 0
-3 3.22702 0
-7 3.44805 0
-2 3.192992 0
-2 3.195446 0
-3 3.228584 0
-1 3.204454 0
-2 3.222207 0
-8 3.411279 0
-6 3.405252 0
-10 3.419757 0
-7 3.380215 0
-2 3.287066 0
-4 3.280086 0
-2 3.276506 0
-6 3.413329 0
-5 3.218003 0
-4 3.280301 0
-4 3.251174 0
-4 3.245803 0
-7 3.234524 0
-2 3.228543 0
-5 3.230572 0
-5 3.013716 0
-2 3.207204 0
-2 3.243646 0
-3 3.209682 0
-10 3.414189 0
-6 3.363682 0
-5 3.430672 0
-8 3.401072 0
-9 3.417031 0
-4 3.294186 0
-5 3.294014 0
-5 3.287326 0
-4 3.232453 0
-3 3.161193 0
-5 3.434453 0
-4 3.257505 0
-4 3.251154 0
-4 3.244413 0
-3 3.218727 0
-2 3.199048 0
-9 3.007889 0
-2 3.216321 0
-2 3.213145 0
-3 3.209921 0
-9 3.363471 0
-8 3.372222 0
-6 3.373166 0
-5 3.361189 0
-7 3.358346 0
-5 3.282322 0
-4 3.307605 0
-4 3.270682 0
-3 3.424906 0
-5 3.30733 0
-7 3.382648 0
-4 3.251038 0
-2 3.263359 0
-4 3.249645 0
-3 3.207258 0
-3 3.035798 0
-1 3.212529 0
-4 3.221002 0
-11 3.416368 0
-6 3.417151 0
-5 3.352883 0
-5 3.366568 0
-5 3.362669 0
-6 3.378602 0
-5 3.37008 0
-5 3.265245 0
-4 3.270396 0
-4 3.274076 0
-7 3.387661 0
-7 3.387464 0
-8 3.378184 0
-4 3.207155 0
-5 3.249764 0
-3 3.227564 0
-4 3.245791 0
-7 3.419942 0
-7 3.442857 0
-10 3.413226 0
-11 3.424166 0
-5 3.351985 0
-2 3.393185 0
-4 3.368953 0
-6 3.362466 0
-3 3.349329 0
-5 3.368455 0
-4 3.27706 0
-5 3.26816 0
-3 3.27481 0
-4 3.360171 0
-4 3.250748 0
-7 3.386744 0
-3 3.26091 0
-7 3.368754 0
-3 3.208055 0
-9 3.568001 0
-5 3.447687 0
-7 3.429772 0
-4 3.429025 0
-8 3.412519 0
-5 3.368926 0
-7 3.372959 0
-4 3.370119 0
-3 3.367514 0
-5 3.381875 0
-6 3.374051 0
-4 3.27843 0
-4 3.278619 0
-4 3.268356 0
-2 3.269577 0
-3 3.259971 0
-6 3.270979 0
-5 3.335211 0
-2 3.333015 0
-7 3.580537 0
-7 3.560524 0
-12 3.471253 0
-5 3.440503 0
-6 3.442209 0
-2 3.439014 0
-3 3.381213 0
-5 3.36993 0
-8 3.373105 0
-3 3.377715 0
-3 3.376236 0
-5 3.382067 0
