-3 3.223327 0
-7 3.198045 0
-3 3.217158 0
-5 3.242717 0
-2 2.729392 0
-1 3.111166 0
-6 3.167281 0
-3 2.768228 0
-5 3.21446 0
-6 2.813889 0
-8 2.743244 0
-7 2.729023 0
-6 2.750096 0
-5 2.865016 0
-2 3.269542 0
-4 2.815703 0
-1 2.785131 0
-3 3.175664 0
-5 2.781517 0
-2 3.266711 0
-4 3.214759 0
-2 3.209043 0
-3 3.21861 0
-2 3.224797 0
-6 3.357722 0
-4 3.220667 0
-5 3.214536 0
-4 3.210975 0
-6 3.213459 0
-5 3.205381 0
-5 2.727184 0
-3 3.397295 0
-2 3.090001 0
-4 3.278647 0
-3 3.269385 0
-2 3.125205 0
-3 3.091155 0
-5 3.270664 0
-6 3.363553 0
-3 3.079185 0
-4 3.223414 0
-3 3.20458 0
-4 3.205931 0
-3 3.010627 0
-2 3.039162 0
-5 3.035471 0
-4 3.222368 0
-5 3.206083 0
-4 3.205957 0
-5 3.122485 0
-6 3.098704 0
-4 3.390371 0
-3 3.391142 0
-4 3.398671 0
-1 3.318497 0
-7 3.36397 0
-9 3.533588 0
-7 3.352081 0
-8 3.360224 0
-9 3.36109 0
-5 3.184269 0
-1 3.210913 0
-3 3.20743 0
-2 3.001835 0
-3 3.193019 0
-4 3.198677 0
-4 3.218409 0
-5 3.216999 0
-4 3.207312 0
-3 3.226679 0
-6 3.470464 0
-5 3.103002 0
-3 3.409415 0
-6 3.378599 0
-8 3.172028 0
-7 3.548124 0
-6 3.354256 0
-8 3.350171 0
-8 3.346133 0
-9 3.343936 0
-4 3.204214 0
-5 3.20685 0
-3 3.210599 0
-1 3.045156 0
-6 3.433047 0
-5 3.041549 0
-4 3.198994 0
-4 3.197216 0
-6 3.212473 0
-2 3.206903 0
-6 3.072667 0
-6 3.09347 0
-4 3.40315 0
-2 3.402897 0
-9 3.549846 0
-8 3.575331 0
-9 3.355369 0
-7 3.32225 0
-9 3.323462 0
-8 3.34163 0
-3 3.201805 0
-2 3.198431 0
-4 3.211245 0
-4 3.197828 0
-6 3.032176 0
-2 3.367976 0
-5 3.216519 0
-5 3.209675 0
-5 3.208471 0
-5 3.213377 0
-5 3.194582 0
-2 3.087879 0
-5 3.041487 0
-6 3.415668 0
-6 3.096103 0
-6 3.19122 0
-9 3.36957 0
-6 3.334276 0
-8 3.372995 0
-5 3.369254 0
-4 3.286656 0
-5 2.980476 0
-5 3.208676 0
-6 3.206933 0
-2 3.020376 0
-6 3.029062 0
-6 3.212027 0
-5 3.223946 0
-5 3.202694 0
-4 3.211485 0
-4 3.086308 0
-6 3.10073 0
-5 3.093401 0
-4 3.103179 0
-5 2.996502 0
-6 3.380154 0
-8 3.323979 0
-9 3.364223 0
-8 3.342977 0
-4 3.361731 0
-6 3.037935 0
-4 3.02303 0
-6 3.036211 0
-5 3.030009 0
-5 3.027023 0
-5 3.032932 0
-3 3.218043 0
-5 3.205009 0
-3 3.217846 0
-5 3.206976 0
-6 3.093156 0
-6 3.105017 0
-5 3.092766 0
-5 3.101966 0
-8 3.081791 0
-7 3.365291 0
-7 3.367793 0
-6 3.359218 0
-8 3.353523 0
-8 3.371245 0
-5 3.040932 0
-5 3.011567 0
-5 3.036404 0
-8 3.048202 0
-5 3.058644 0
-1 3.249684 0
-5 3.201912 0
-6 3.199255 0
-5 3.209329 0
-4 3.196575 0
-4 3.190998 0
-4 3.1017 0
-3 2.956446 0
-3 3.106784 0
-5 3.426884 0
-8 3.339767 0
-10 3.349235 0
-8 3.358046 0
-6 3.342789 0
-6 3.350364 0
-5 3.194817 0
-3 3.07633 0
-6 3.041855 0
-1 3.260012 0
-4 3.262916 0
-3 3.252883 0
-4 3.190889 0
-6 3.204465 0
-4 3.251096 0
-8 3.189894 0
-3 3.176664 0
-8 3.414108 0
-1 3.42109 0
-3 3.429316 0
-4 3.420282 0
-4 3.42496 0
-7 3.486533 0
-8 3.357259 0
-8 3.366283 0
-7 3.349936 0
