-2 3.194105 0
-2 2.724809 0
-2 3.120225 0
-1 2.731359 0
-5 3.1699 0
-7 3.096106 0
-8 3.100441 0
-2 3.117139 0
-5 3.144499 0
-5 3.245615 0
-4 3.235536 0
-8 3.186148 0
-4 2.743445 0
-2 2.755552 0
-5 3.181212 0
-4 3.275898 0
-3 3.285337 0
-7 3.229704 0
-4 2.778476 0
-3 2.777543 0
-3 3.117028 0
-1 3.122186 0
-4 3.114848 0
-1 3.116711 0
-3 3.026896 0
-3 2.856075 0
-4 2.77692 0
-4 3.246742 0
-6 3.241673 0
-5 3.244565 0
-9 3.319048 0
-6 3.184113 0
-10 3.183872 0
-8 3.330801 0
-4 3.059588 0
-5 3.274915 0
-3 3.268432 0
-5 3.28884 0
-5 3.293208 0
-3 3.284181 0
-2 3.121227 0
-2 3.119832 0
-4 3.118071 0
-3 3.122757 0
-4 3.119877 0
-2 3.101857 0
-2 2.999545 0
-4 3.235284 0
-5 3.258634 0
-8 3.319493 0
-7 3.363197 0
-7 3.316273 0
-7 3.323867 0
-7 3.317817 0
-7 3.450749 0
-2 3.138501 0
-5 3.280085 0
-5 3.28453 0
-5 3.298053 0
-7 3.294554 0
-2 3.121465 0
-3 3.119511 0
-1 3.110174 0
-1 3.123216 0
-2 3.116685 0
-2 3.120489 0
-6 3.393911 0
-9 3.316294 0
-8 3.313739 0
-13 3.527437 0
-8 3.489957 0
-6 3.31229 0
-5 3.317132 0
-8 3.329897 0
-7 3.515164 0
-9 3.537832 0
-6 3.280499 0
-4 3.274759 0
-5 3.276389 0
-4 3.288566 0
-1 3.145432 0
-1 3.122811 0
-3 3.134585 0
-1 3.123061 0
-2 3.115225 0
0 3.115336 0
-3 3.310292 0
-8 3.449133 0
-4 3.39741 0
-3 3.199914 0
-9 3.478068 0
-7 3.308269 0
-5 3.312333 0
-6 3.316981 0
-9 3.336702 0
-13 3.534269 0
-7 3.533823 0
-3 3.273264 0
-4 3.262144 0
-6 3.283361 0
-1 3.128437 0
-2 3.125084 0
-2 3.114508 0
-2 3.125299 0
-2 3.126688 0
-2 3.099429 0
-3 3.004429 0
-3 3.195374 0
-4 3.204433 0
-3 3.349873 0
-4 3.338332 0
-10 3.332766 0
-8 3.275314 0
-10 3.296933 0
-8 3.333643 0
-9 3.331935 0
-11 3.397865 0
-6 3.530951 0
-8 3.535986 0
-10 3.530816 0
-3 3.109189 0
-2 3.106528 0
-2 3.106008 0
-2 3.115584 0
-1 3.140172 0
-4 3.128061 0
-4 3.30025 0
-1 3.304121 0
-2 3.297547 0
-4 3.200952 0
-8 3.345328 0
-11 3.345485 0
-9 3.333799 0
-8 3.323731 0
-8 3.339288 0
-11 3.361593 0
-8 3.334471 0
-11 3.541906 0
-7 3.535116 0
-8 3.527264 0
-3 3.120013 0
-3 3.117468 0
-2 3.109009 0
-3 3.107212 0
-2 3.107499 0
-4 3.258739 0
-2 3.30099 0
-4 3.295923 0
-3 3.307236 0
-2 3.302168 0
-7 3.340488 0
-9 3.342362 0
-12 3.327401 0
-9 3.345191 0
-8 3.320447 0
-7 3.371968 0
-7 3.333196 0
-8 3.330016 0
-8 3.330237 0
-8 3.363929 0
-2 3.118608 0
-2 3.098227 0
-2 3.126902 0
-2 3.117087 0
-1 3.120904 0
-3 3.132525 0
-2 3.305433 0
-3 3.28518 0
-1 3.308282 0
-2 3.292813 0
-8 3.152845 0
-10 3.333236 0
-12 3.333631 0
-9 3.329426 0
-12 3.334333 0
-6 3.318299 0
-6 3.337803 0
-8 3.324929 0
-7 3.326168 0
-5 3.333927 0
-2 3.121018 0
-1 3.09247 0
-1 3.097586 0
-2 3.298753 0
-1 3.106209 0
-3 3.155993 0
-3 3.28823 0
-2 3.30147 0
-4 3.291747 0
-4 3.446351 0
-5 3.453919 0
-11 3.328668 0
-9 3.324155 0
-11 3.342525 0
-10 3.331118 0
-6 3.304293 0
-8 3.354197 0
-7 3.305412 0
-5 3.328008 0
-6 3.32191 0
