-2 2.807612 0
-7 2.694436 0
0 2.798418 0
-4 2.849071 0
-3 3.212403 0
-1 2.779961 0
-3 3.229264 0
-2 2.75336 0
-1 2.722648 0
-6 3.191921 0
-4 3.223181 0
-4 2.75878 0
-1 2.832236 0
-4 2.791973 0
-3 2.826131 0
-4 3.232244 0
-4 2.855843 0
-4 2.815058 0
-3 2.793542 0
-2 3.176456 0
-4 2.81408 0
-1 3.178234 0
-5 3.282156 0
-5 3.230671 0
-3 2.774751 0
-6 3.163969 0
-3 3.223246 0
-4 3.23595 0
-6 3.334871 0
-4 3.211563 0
-9 2.798637 0
-5 2.925488 0
-3 3.233501 0
-5 2.857932 0
-6 3.219093 0
-5 3.321936 0
-2 2.95302 0
-2 3.17635 0
-2 3.16547 0
-2 2.853419 0
-1 3.177536 0
-3 2.96635 0
-2 3.165056 0
-4 3.360883 0
-4 3.168294 0
-6 3.171294 0
-5 3.16412 0
-8 3.333741 0
-7 3.335345 0
-9 3.422774 0
-3 3.238496 0
-2 3.179725 0
-3 3.496906 0
-6 3.483 0
-4 3.229144 0
-3 3.315989 0
-3 3.377278 0
-3 3.184875 0
-3 3.18151 0
-2 3.172017 0
-7 3.010609 0
-1 3.172798 0
0 3.171254 0
-2 2.961832 0
-2 3.389585 0
-6 3.175356 0
-6 3.420824 0
-7 3.127302 0
-4 3.099498 0
-6 3.324681 0
-9 3.246664 0
-2 3.169513 0
-4 3.230752 0
-2 3.281282 0
0 3.060469 0
-2 3.136976 0
-4 3.102593 0
-3 3.186273 0
-3 3.184028 0
-2 3.125182 0
0 3.171348 0
-1 3.17135 0
-1 3.164317 0
-3 3.393914 0
-1 3.163213 0
-1 3.16145 0
-6 3.410227 0
-8 3.379557 0
-5 3.413945 0
-7 3.407749 0
-7 3.52922 0
-2 3.279881 0
-2 3.281047 0
-2 3.278302 0
0 3.425721 0
-5 3.330989 0
-4 3.0994 0
-2 3.180464 0
-2 3.326513 0
-5 3.407784 0
-3 3.17193 0
-2 3.163202 0
0 3.171332 0
-1 3.187162 0
0 3.179193 0
-1 3.156782 0
-1 3.158785 0
-7 3.517381 0
-10 3.510644 0
-6 3.407521 0
-6 3.300726 0
-4 3.290243 0
-2 3.273837 0
-2 3.27312 0
-2 3.278146 0
-2 3.236886 0
-3 3.332566 0
-3 3.323346 0
-2 3.327918 0
-2 3.325943 0
-1 3.175629 0
0 3.178835 0
-2 3.182272 0
0 3.174495 0
-1 3.172614 0
0 3.164332 0
-2 3.161731 0
-6 3.395931 0
-3 3.132641 0
-4 3.095654 0
-3 3.139168 0
-3 3.271952 0
-3 3.288817 0
-1 3.287531 0
-4 3.178082 0
-3 3.301744 0
-4 3.34297 0
-1 3.300968 0
-2 3.321526 0
-3 3.317931 0
-1 3.163736 0
-1 3.178298 0
-1 3.16603 0
0 3.168613 0
-1 3.166926 0
0 3.183405 0
-3 3.185261 0
-10 3.300753 0
-1 3.161375 0
-7 3.35257 0
-2 3.284499 0
-3 3.284164 0
-2 3.275092 0
-6 3.27637 0
-3 3.429338 0
-4 3.293347 0
-3 3.328979 0
-3 3.326682 0
-2 3.320329 0
-1 3.317279 0
-1 3.169436 0
-1 3.165039 0
-1 3.174262 0
0 3.182508 0
-1 3.168216 0
-1 3.170606 0
-1 3.195298 0
-7 3.347507 0
-5 3.213425 0
-8 3.351897 0
-2 3.439472 0
-3 3.280343 0
-6 3.128452 0
-4 3.142037 0
-5 3.131978 0
-3 3.331201 0
-3 3.3213 0
-2 3.309014 0
-1 3.331259 0
-1 3.317633 0
0 3.19078 0
-2 3.166857 0
-1 3.177505 0
-1 3.156522 0
-1 3.157214 0
-2 3.179712 0
-5 3.336833 0
-3 3.357302 0
-7 3.356016 0
-4 3.453037 0
-6 3.081663 0
-5 3.415539 0
-4 3.135504 0
-7 3.136562 0
-6 3.140456 0
-2 3.325389 0
-5 3.305433 0
-1 3.318307 0
-5 3.330006 0
-6 3.316656 0
