-4 2.800609 0
-2 2.811548 0
-4 3.193438 0
-7 2.824308 0
-3 3.203455 0
-4 3.172142 0
-5 2.795694 0
-6 3.153514 0
-2 3.256118 0
-4 3.305172 0
-2 2.777118 0
-6 3.255391 0
-4 2.74639 0
-6 3.184956 0
-6 2.725446 0
-5 2.762141 0
0 3.140457 0
-2 2.801231 0
-5 2.769724 0
-3 3.214411 0
-3 3.008723 0
-4 3.197593 0
-4 3.19935 0
-5 3.277266 0
-2 3.26484 0
-3 3.197038 0
-6 3.1365 0
-6 3.156954 0
-6 3.150746 0
-7 3.141181 0
-12 3.400492 0
-9 3.431321 0
-6 3.183449 0
-4 3.171308 0
-6 3.192637 0
-1 2.746298 0
-1 3.198297 0
-4 3.304996 0
0 2.934052 0
-2 2.92391 0
-4 3.3546 0
-3 3.110977 0
-6 3.114439 0
-4 3.184899 0
-6 3.14749 0
-4 3.195031 0
-8 3.381127 0
-6 3.353761 0
-4 2.99125 0
-6 3.163248 0
-6 2.9534 0
-7 2.952159 0
-3 3.18784 0
-5 3.264011 0
-4 3.165232 0
-4 3.301586 0
-4 3.294678 0
-6 3.298099 0
-3 3.305225 0
-5 3.291372 0
-5 3.163436 0
-4 3.183668 0
-5 3.191751 0
-5 3.185132 0
-2 3.190448 0
-4 3.194159 0
-8 3.342786 0
-7 2.958489 0
-6 3.15352 0
-4 3.15589 0
-6 2.940829 0
-3 3.176803 0
-6 2.946951 0
-7 3.16276 0
-10 3.436251 0
0 3.034693 0
-7 3.297356 0
-5 3.289554 0
-5 3.276179 0
-6 3.30033 0
-4 3.169242 0
-4 3.164721 0
-5 3.187198 0
-5 3.185911 0
-3 3.194047 0
-7 3.177209 0
-4 2.924779 0
-5 3.148917 0
-4 3.378978 0
-4 3.161747 0
-3 3.141662 0
-6 3.416862 0
-7 3.421968 0
-9 3.43651 0
-8 3.427906 0
-10 3.402999 0
-6 3.286476 0
-6 3.28412 0
-5 3.301564 0
-7 3.287332 0
-7 3.163948 0
-1 3.204796 0
-5 3.162168 0
-3 3.182909 0
-4 3.212504 0
-2 3.205903 0
-2 3.353872 0
-2 3.164225 0
-6 2.970594 0
-3 3.162409 0
-7 3.423308 0
-5 3.411565 0
-11 3.489254 0
-8 3.298382 0
-8 3.298898 0
-5 3.357103 0
-5 3.288546 0
-4 3.274876 0
-5 3.27231 0
-8 3.286264 0
-4 3.156134 0
-4 3.197065 0
-5 3.166759 0
-3 3.206647 0
-6 3.210548 0
-1 3.226285 0
-3 3.168523 0
-5 3.102018 0
-4 3.159081 0
-3 3.160527 0
-9 3.463298 0
-10 3.243618 0
-8 3.292792 0
-7 3.29414 0
-7 3.304464 0
-8 3.400415 0
-5 3.275589 0
-6 3.286844 0
-6 3.290555 0
-5 3.282931 0
-1 3.210038 0
-5 3.205833 0
-3 3.210436 0
-3 3.213693 0
-4 3.211162 0
-3 3.167528 0
-5 3.111034 0
-6 3.080622 0
-5 3.0449 0
-4 3.099826 0
-7 3.31722 0
-8 3.294409 0
-6 3.284322 0
-8 3.294375 0
-10 3.293977 0
-8 3.395707 0
-6 3.28811 0
-4 3.291628 0
-5 3.285847 0
-5 3.286632 0
-5 3.173169 0
-4 3.246133 0
-6 3.239075 0
-5 3.205818 0
-5 3.178776 0
-4 3.212037 0
-6 3.044868 0
-9 3.239947 0
-5 3.039534 0
-8 3.279312 0
-6 3.346079 0
-8 3.277462 0
-7 3.293224 0
-7 3.305238 0
-7 3.285407 0
-8 3.366561 0
-8 3.376322 0
-7 3.415404 0
-6 3.281094 0
-4 3.284622 0
-6 3.153404 0
-6 3.202413 0
-5 3.170319 0
-6 3.216033 0
-5 3.205366 0
-3 3.203956 0
-6 3.405926 0
-7 3.276922 0
-10 3.410926 0
-8 3.274781 0
-7 3.328047 0
-8 3.267828 0
-7 3.349048 0
-7 3.360862 0
-8 3.284597 0
-8 3.316339 0
-7 3.27349 0
-8 3.407415 0
-8 3.410889 0
-6 3.402172 0
