35.226153 3.852670 10.927172 
35.797265 3.970740 10.908873 
31.396672 3.995903 11.119197 
38.699518 3.683101 10.995415 
42.402839 3.585267 10.664029 
42.343150 3.637564 10.611022 
34.207701 4.003234 10.937158 
25.765830 3.996225 11.831994 
37.368085 3.856902 10.823444 
36.267460 3.810967 10.912506 
32.718123 3.999138 10.990001 
31.611907 3.986820 11.081678 
30.624399 3.659509 12.313617 
35.997747 3.726834 11.049179 
35.005706 3.710245 11.186846 
31.377071 3.959553 11.128873 
28.669025 4.027545 11.329239 
27.727309 4.003270 11.515313 
28.916647 3.839841 11.543402 
29.485914 3.701238 12.279692 
27.292630 3.992384 11.476693 
25.724515 4.032608 11.701140 
39.392174 3.711304 10.917313 
25.684611 3.837618 12.471462 
38.445457 3.719622 10.846824 
35.241170 3.988378 11.031287 
37.834333 3.785814 10.891545 
41.349284 3.639564 10.672343 
40.516046 3.863396 10.612898 
31.001646 4.073817 11.114027 
38.888058 3.729007 10.868065 
29.016944 3.999100 11.317024 
39.162898 3.804905 10.739337 
33.362664 3.976546 10.973581 
27.872758 3.969689 11.468285 
23.996417 3.995656 12.368844 
32.615295 3.944289 11.120463 
27.466664 4.043325 11.455554 
27.024214 3.986128 11.540634 
26.705669 4.014335 11.511966 
28.817982 4.008774 11.352143 
26.960547 3.846742 11.972602 
25.308776 4.000318 11.985329 
26.857151 3.954590 11.609866 
25.497089 4.042879 11.778900 
29.960979 3.797146 11.507092 
27.906095 4.005114 11.431606 
28.051424 3.932778 11.487082 
39.039831 3.630162 11.199055 
40.605380 3.664001 10.722132 
31.744369 3.884681 11.264348 
39.607548 3.704787 10.747865 
31.101269 3.997674 11.189064 
34.070516 4.015314 10.922221 
32.828459 4.094099 10.946974 
36.291880 3.773795 10.923393 
32.282572 4.007757 11.067412 
32.952440 4.003286 11.014406 
32.392900 4.000283 11.006083 
32.085012 3.999373 11.033255 
32.866395 3.847407 11.076520 
26.441066 4.023015 11.565748 
29.078013 4.023917 11.293611 
29.307784 3.998753 11.288934 
42.225148 3.591619 10.705794 
27.177476 3.822101 12.021606 
27.666952 3.975206 11.495548 
29.497186 4.035513 11.263628 
25.460107 3.954723 11.989938 
25.485362 3.856498 12.211767 
27.579735 3.983788 11.485162 
25.360952 3.847053 12.336924 
27.883367 3.845421 11.727138 
41.351934 3.621938 10.719322 
36.305276 3.997163 10.810280 
32.640265 3.692904 11.575827 
30.470636 4.001333 11.178686 
28.439572 3.734764 12.344252 
32.164405 3.789539 11.902540 
34.735576 3.756944 11.098827 
32.098002 3.877351 11.177573 
29.110253 4.026501 11.286111 
29.655569 4.000535 11.260345 
29.017136 3.839310 11.487894 
26.923755 4.011864 11.518688 
29.454703 3.993791 11.288172 
25.889857 3.994812 11.808001 
26.322286 4.044096 11.613146 
32.081338 3.852811 11.452793 
38.674462 3.727957 10.829112 
27.863657 3.828964 11.848737 
23.617730 4.035558 12.342511 
26.039695 3.864616 12.281227 
27.842938 3.843882 11.719578 
37.457922 3.774274 10.873122 
37.205588 3.724989 10.997510 
40.403794 3.667093 10.898345 
40.724775 3.663581 10.695289 
35.366855 4.035611 10.871145 
40.621189 3.655896 10.751051 
39.303319 3.693237 10.795218 
29.848624 4.026786 11.234981 
33.345876 3.838786 11.045097 
29.203999 3.998073 11.306867 
32.841550 3.755902 11.272626 
27.691906 4.008028 11.438335 
27.916615 3.845403 11.770443 
29.229352 3.971336 11.355190 
29.918680 3.938232 11.302992 
26.228429 3.815576 12.348876 
27.926560 3.992569 11.423372 
28.870726 3.829304 11.547289 
26.323695 3.815867 12.336320 
25.017053 4.004394 12.082197 
28.388732 3.816651 11.748336 
32.914435 3.838036 11.085485 
33.478189 3.817666 11.156481 
33.951403 3.851595 10.999887 
40.545812 3.671197 10.725932 
42.167864 3.586388 10.664894 
31.088810 4.002511 11.119732 
32.368463 3.666147 11.764937 
34.603812 3.657545 11.374764 
29.348313 4.093260 11.224804 
37.885499 3.629473 11.014686 
32.065518 3.984980 11.043181 
27.801607 3.863309 11.531874 
29.065834 3.979156 11.434409 
25.115949 3.864104 12.367278 
26.000125 3.920400 12.326776 
27.686499 3.765681 12.309045 
27.191676 3.989352 11.503641 
28.104790 3.748779 12.353301 
35.556744 3.604721 11.336802 
26.453597 4.001906 11.912628 
40.203841 3.688620 10.716676 
42.495304 3.587927 10.670239 
42.286232 3.597458 10.653577 
35.142665 3.886344 10.933477 
41.699400 3.626123 10.791095 
31.408213 4.001329 11.089241 
31.151463 3.972107 11.168142 
31.687249 3.842102 11.180246 
31.613322 3.994399 11.075620 
29.736016 3.834256 11.400208 
31.994222 3.883067 11.143853 
31.154301 3.738163 11.572386 
27.524290 3.901644 11.520638 
32.359629 3.765345 11.311760 
41.580759 3.609764 10.704585 
26.116570 3.821816 12.322328 
27.914493 3.852422 11.565272 
29.989686 3.729563 11.943348 
23.938338 3.998333 12.378568 
40.867651 3.643003 10.786700 
42.599046 3.603278 10.612134 
37.094356 3.648742 11.090884 
40.004485 3.673011 10.759094 
32.784273 3.705908 11.432914 
30.471092 3.904029 11.247349 
31.724527 3.780093 11.363308 
32.940950 3.845497 11.104777 
35.979320 3.755896 11.019564 
30.822239 3.728385 11.736495 
26.578662 3.842569 12.114950 
25.904511 3.921954 12.058992 
42.604531 3.589702 10.626765 
27.765786 3.759155 12.340570 
27.626793 3.766460 12.469725 
29.245154 3.836737 11.429614 
23.724070 4.021798 12.368473 
24.828593 3.950242 12.335793 
29.818010 3.833024 11.957690 
41.532300 3.633045 10.691039 
39.392037 3.696871 10.774511 
32.253071 3.780688 11.297324 
37.837768 3.761742 10.839685 
37.152557 3.729424 10.927402 
32.862825 3.697941 11.420386 
31.655500 3.847148 11.208812 
34.772310 3.722561 11.237097 
33.144420 3.837793 11.148670 
27.453877 3.815718 11.996779 
29.636630 3.711885 12.291901 
28.163003 3.847219 11.519903 
29.145262 3.818782 11.505629 
29.575522 3.708334 12.274385 
42.460010 3.596504 10.659244 
28.315836 3.840907 11.607262 
39.157858 3.603691 10.920893 
29.912087 3.819125 11.406356 
36.864686 3.744052 10.970182 
26.412586 3.997819 11.712327 
42.282780 3.608906 10.641705 
28.773800 3.873860 11.440509 
28.616926 3.858784 11.477551 
29.156783 3.766620 11.903083 
39.676852 3.696566 10.752526 
31.358167 3.744544 11.427310 
32.168596 3.749544 11.337354 
27.882625 3.752021 12.362348 
27.013458 3.878078 11.787356 
32.278132 3.724430 11.496794 
26.801095 3.883824 11.839061 
29.013204 3.724420 12.381715 
42.466207 3.586827 10.646688 
42.166367 3.598573 10.665886 
35.971365 3.678472 11.231930 
38.367528 3.700892 11.009314 
34.148593 3.652085 11.382570 
31.931458 3.756533 11.394728 
38.476960 3.679299 10.915232 
28.482457 3.771029 12.216144 
32.186674 3.742370 11.359228 
30.012202 3.692077 12.294956 
33.592305 3.694902 11.319091 
28.665863 3.872062 11.522426 
29.228697 3.735788 12.309533 
31.498838 3.707861 11.741316 
27.799626 3.773138 12.207721 
39.118279 3.716864 10.772610 
34.120720 3.851385 10.978821 
40.847654 3.603280 10.766100 
40.554946 3.612683 10.778904 
42.037730 3.591254 10.764148 
30.140986 3.713293 12.017996 
33.542358 3.749126 11.240788 
24.372719 3.891145 12.415392 
28.425656 3.736690 12.351393 
24.804637 3.885371 12.425495 
24.308503 4.030615 12.266524 
39.469001 3.588762 11.495805 
28.127008 3.742547 12.416983 
27.212294 3.772911 12.393455 
39.088132 3.614768 11.074542 
31.974834 3.730535 11.466196 
41.074268 3.607062 10.740258 
40.453060 3.598991 10.812194 
35.798419 3.688026 11.131379 
35.974463 3.653545 11.155375 
31.896552 3.754915 11.355204 
32.330166 3.771431 11.279917 
30.401249 3.756500 11.630811 
30.875507 3.654056 12.264771 
29.672253 3.693947 12.341762 
28.366655 3.748452 12.318107 
26.616754 3.815639 12.339157 
42.359272 3.585821 10.686239 
32.064162 3.728157 11.446992 
37.834528 3.659961 10.997525 
40.097754 3.610216 10.946100 
30.851175 3.670666 12.222628 
38.177392 3.655095 10.985198 
36.535589 3.703951 11.031135 
37.363114 3.648458 11.046215 
31.273668 3.736141 11.547848 
27.363866 4.000367 11.478354 
29.330372 3.779507 11.750511 
29.893776 3.712178 12.094261 
37.847203 3.668570 11.013981 
33.282540 3.643129 11.678019 
35.753931 3.701036 11.118105 
40.355556 3.598628 10.822822 
41.152604 3.618589 10.737031 
29.264837 3.705423 12.346212 
29.488168 3.697021 12.339953 
33.169880 3.842687 11.072379 
27.699500 3.756087 12.388912 
33.123015 3.646788 11.762028 
28.024997 3.751014 12.357636 
35.872851 3.669022 11.195204 
35.235946 3.631438 11.482631 
36.380511 3.656410 11.111164 
38.558581 3.643131 10.927497 
33.365289 3.675244 11.401867 
31.227992 3.639954 12.253986 
30.535603 3.712317 12.272130 
28.382121 3.740851 12.393460 
25.585868 3.833466 12.396090 
25.655321 3.948920 12.018309 
32.764833 3.704463 11.458419 
42.547782 3.594828 10.628633 
30.075631 3.686357 12.383756 
35.302812 3.641069 11.298468 
31.243586 3.858971 11.248837 
32.303861 3.669876 11.772497 
30.790376 3.665208 12.352942 
30.614492 3.673387 12.254547 
32.838071 3.638855 11.823750 
33.844126 3.636214 11.554259 
35.612329 3.613638 11.312498 
42.351730 3.585259 10.829679 
38.513918 3.691444 10.866527 
33.348809 3.648936 11.615212 
35.093354 3.610108 11.383023 
29.504682 3.697733 12.303489 
34.124198 3.900792 11.131353 
38.133895 3.624869 11.023349 
35.392156 3.622795 11.318682 
32.220820 3.672727 11.764938 
42.546223 3.587584 10.628170 
29.406453 3.724937 12.307564 
31.794853 3.631830 12.224066 
30.299545 3.670195 12.378518 
37.856041 3.623763 11.017876 
42.648263 3.585289 10.624814 
34.448748 3.634932 11.398399 
27.749977 3.766438 12.435322 
33.346954 3.647089 11.998768 
31.974788 3.613452 12.262512 
30.909256 3.651638 12.255179 
31.288868 3.664271 12.073635 
26.615088 3.815241 12.293221 
41.069254 3.586158 10.830140 
31.049666 3.660382 12.233890 
42.560135 3.590457 10.640443 
38.208834 3.613123 10.999814 
30.089700 3.677349 12.294341 
38.718471 3.605815 10.973630 
33.828160 3.654637 11.454097 
35.320897 3.610139 11.464010 
30.936288 3.693079 11.982474 
42.611619 3.588770 10.626886 
26.693777 3.982990 12.319220 
36.179843 3.652864 11.168203 
