65444.874562 312.258600 641769.995395 4103815.194811 14392.374187 
65755.720762 324.074400 755109.782683 3467822.822437 11573.301971 
65819.202760 446.873100 699446.878237 3843046.336360 9248.756484 
65318.409231 323.954100 641768.283314 4055990.768805 13710.243960 
66316.217331 517.615800 832924.737398 3190238.321213 6628.459959 
66319.723998 397.984800 830327.795293 3205728.563200 8745.843167 
67900.748326 542.657700 1370392.452411 1450366.471334 3235.278449 
67036.232027 439.082400 1019299.062843 2465912.330594 6401.414003 
67950.333927 379.886100 1383643.106244 1423840.154806 4894.527376 
67520.553615 701.463600 832827.148759 3567709.748344 6214.011672 
68104.901716 549.768600 1424947.925552 1344225.805926 3032.369545 
67091.532513 701.463600 832827.148759 3428585.350513 5717.814607 
68104.901716 549.768600 1424947.925552 1344225.805926 3032.369545 
68118.852571 229.844460 1426463.402919 1342421.082718 8317.761981 
67098.822408 229.795950 1154513.828562 1960290.840708 10454.591104 
67148.216872 97.160550 1162406.809066 1942427.939619 25604.033493 
66777.163629 429.708900 1070099.370826 2203728.670273 5704.485522 
67397.773275 316.360800 1165523.938564 1977141.727634 7607.682042 
66818.945720 291.386190 1081284.113127 2169644.298448 8676.686499 
67240.967369 416.441100 1152136.888915 1994528.090710 5616.643045 
65258.539613 305.665800 651536.563622 3965561.954717 14227.447042 
67403.624839 553.653900 1071861.958605 2328362.925031 4964.909747 
66147.775568 251.180640 783570.852833 3422440.542006 14861.646210 
67099.064800 681.729300 1153565.906172 1963570.886211 3028.977093 
65763.429237 309.726600 783591.683156 3302512.366024 11559.749345 
66801.577892 618.016800 1074084.525582 2193459.971680 3727.638480 
66963.716410 175.339020 1079287.826240 2206613.466935 15130.583561 
67029.949070 151.249980 1132103.254005 2025266.845334 16632.013745 
66443.895687 460.927200 980206.538023 2498435.352270 5823.037413 
71252.007526 323.995800 2007892.802194 652647.075154 4924.629119 
65788.142486 524.771700 803309.439051 3198449.340775 6302.692516 
68907.905047 238.275120 1577413.908593 1110686.993956 7418.489457 
67256.652338 477.120000 1197397.757596 1846160.998101 4445.840927 
71036.564249 533.676600 1786867.376373 939777.769448 4178.855127 
77185.437109 781.908600 1549942.992174 2509837.882345 11651.067058 
69776.418136 537.321900 1787259.157662 835582.399650 2697.857975 
77185.437109 1134.871800 1549942.992174 2509837.882345 10887.653048 
67355.460485 616.068600 1211619.446917 1817612.183970 3276.855787 
77239.437010 1134.871800 1549942.992174 2522434.966008 10950.108233 
69736.533532 616.033200 1733345.144345 914375.045315 2573.323618 
