553.7778 0.3918752 1
206.4292 1.187536 1
201.9135 7.680536 1
201.9135 7.680536 1
201.9135 7.680536 1
94.36685 3.347899 1
201.9135 7.680536 1
201.9135 7.680536 1
201.9135 7.680536 1
201.9135 7.680536 1
42.5987 10.94187 1
201.9135 7.680536 1
201.9135 7.680536 1
128.8503 3.508284 1
128.8503 3.508284 1
128.8503 3.508284 1
128.8503 3.508284 1
128.8503 3.508284 1
128.8503 3.508284 1
64.88877 4.183783 1
128.8503 3.508284 1
128.8503 3.508284 1
128.8503 3.508284 1
128.8503 3.508284 1
128.8503 3.508284 1
128.8503 3.508284 1
128.8503 3.508284 1
128.8503 3.508284 1
83.33943 8.199673 1
128.8503 3.508284 1
553.7778 0.3918752 1
540.0646 0.4065831 1
540.0646 0.4065831 1
540.0646 0.4065831 1
540.0646 0.4065831 1
540.0646 0.4065831 1
237.7301 2.840265 1
237.7301 2.840265 1
237.7301 2.840265 1
237.7301 2.840265 1
237.7301 2.840265 1
136.6309 2.78756 1
136.6309 2.78756 1
136.6309 2.78756 1
136.6309 2.78756 1
136.6309 2.78756 1
136.6309 2.78756 1
136.6309 2.78756 1
133.8618 3.122884 1
120.2645 3.508284 1
120.2645 3.508284 1
120.2645 3.508284 1
102.6142 4.793456 1
65.20141 4.946126 1
65.20141 4.946126 1
65.20141 4.946126 1
65.20141 4.946126 1
65.20141 4.946126 1
65.20141 4.946126 1
65.20141 4.946126 1
565.4367 0.3771851 1
519.8306 0.4083183 1
519.8306 0.4083183 1
519.8306 0.4083183 1
519.8306 0.4083183 1
519.8306 0.4083183 1
254.9388 2.515522 1
254.9388 2.515522 1
254.9388 2.515522 1
254.9388 2.515522 1
254.9388 2.515522 1
254.9388 2.515522 1
129.7156 2.748534 1
129.7156 2.748534 1
129.7156 2.748534 1
129.7156 2.748534 1
129.7156 2.748534 1
129.7156 2.748534 1
129.7156 2.748534 1
129.7156 2.748534 1
88.90382 3.194904 1
88.90382 3.194904 1
88.90382 3.194904 1
88.90382 3.194904 1
88.90382 3.194904 1
88.90382 3.194904 1
65.20141 4.946126 1
65.20141 4.946126 1
65.20141 4.946126 1
53.35311 10.05721 1
565.4367 0.3771851 1
519.5065 0.4027965 1
519.5065 0.4027965 1
519.5065 0.4027965 1
299.2341 1.607437 1
299.2341 1.607437 1
299.2341 1.607437 1
299.2341 1.607437 1
299.2341 1.607437 1
163.4446 2.002261 1
163.4446 2.002261 1
163.4446 2.002261 1
163.4446 2.002261 1
163.4446 2.002261 1
163.4446 2.002261 1
154.1579 2.191815 1
133.905 2.444043 1
133.905 2.444043 1
108.2521 2.558552 1
108.2521 2.558552 1
108.2521 2.558552 1
106.7136 2.590684 1
88.90382 3.194904 1
88.90382 3.194904 1
88.90382 3.194904 1
85.95507 3.545757 1
69.23853 4.243612 1
69.23853 4.243612 1
65.20141 4.946126 1
53.35311 10.05721 1
565.4367 0.3771851 1
515.8863 0.4269608 1
515.8863 0.4269608 1
515.8863 0.4269608 1
515.8863 0.4269608 1
299.2341 1.607437 1
299.2341 1.607437 1
299.2341 1.607437 1
285.5188 1.722222 1
169.694 1.969464 1
169.694 1.969464 1
169.694 1.969464 1
169.694 1.969464 1
169.694 1.969464 1
163.4446 2.002261 1
162.1785 2.080474 1
128.4563 1.993602 1
128.4563 1.993602 1
128.4563 1.993602 1
113.0515 2.290291 1
113.0515 2.290291 1
106.7136 2.590684 1
99.52644 3.039579 1
99.52644 3.039579 1
88.90382 3.194904 1
85.95507 3.545757 1
69.23853 4.243612 1
69.23853 4.243612 1
65.20141 4.946126 1
53.35311 10.05721 1
565.4367 0.3771851 1
515.8863 0.4269608 1
515.8863 0.4269608 1
254.2951 1.12945 1
254.2951 1.12945 1
254.2951 1.12945 1
254.2951 1.12945 1
254.2951 1.12945 1
143.785 1.776143 1
143.785 1.776143 1
143.785 1.776143 1
143.785 1.776143 1
143.785 1.776143 1
143.785 1.776143 1
137.0056 1.94895 1
137.0056 1.94895 1
128.4563 1.993602 1
128.4563 1.993602 1
92.93577 2.990083 1
113.0515 2.290291 1
92.93577 2.990083 1
92.93577 2.990083 1
92.93577 2.990083 1
74.55413 3.702536 1
74.55413 3.702536 1
74.55413 3.702536 1
69.23853 4.243612 1
69.23853 4.243612 1
40.83328 9.86758 1
40.83328 9.86758 1
565.4367 0.3771851 1
512.1965 0.4906019 1
289.918 1.021868 1
289.918 1.021868 1
254.2951 1.12945 1
247.6245 1.174505 1
190.5794 1.42814 1
190.5794 1.42814 1
190.5794 1.42814 1
190.5794 1.42814 1
143.785 1.776143 1
153.8295 1.776143 1
143.785 1.776143 1
119.69 1.875249 1
119.69 1.875249 1
119.69 1.875249 1
119.69 1.875249 1
111.4464 2.341208 1
94.65525 2.804013 1
94.65525 2.804013 1
94.65525 2.804013 1
90.14564 2.83023 1
90.14564 2.83023 1
74.55413 3.702536 1
74.55413 3.702536 1
68.96098 4.219223 1
68.96098 4.219223 1
68.96098 4.219223 1
40.83328 9.86758 1
40.83328 9.86758 1
582.4745 0.3631023 1
441.2661 0.551114 1
441.2661 0.551114 1
289.918 1.021868 1
273.1547 1.032022 1
247.6245 1.174505 1
227.7234 1.312379 1
193.2793 1.397674 1
190.5794 1.42814 1
156.2399 1.5721 1
156.2399 1.5721 1
144.2955 1.627231 1
144.2955 1.627231 1
119.69 1.875249 1
119.69 1.875249 1
119.69 1.875249 1
119.69 1.875249 1
111.4464 2.341208 1
103.2583 2.758984 1
103.2583 2.758984 1
94.65525 2.804013 1
90.14564 2.83023 1
88.93925 3.15753 1
62.97835 3.583554 1
62.97835 3.583554 1
62.97835 3.583554 1
57.19992 4.293613 1
57.19992 4.293613 1
40.83328 9.86758 1
40.83328 9.86758 1
582.4745 0.3631023 1
441.2661 0.551114 1
269.5977 0.823968 1
269.5977 0.823968 1
269.5977 0.823968 1
247.6245 1.174505 1
242.4003 1.19552 1
193.2793 1.397674 1
190.5794 1.42814 1
136.8035 1.444527 1
136.8035 1.444527 1
136.8035 1.444527 1
136.8035 1.444527 1
132.4234 1.790575 1
119.69 1.875249 1
119.69 1.875249 1
119.69 1.875249 1
103.7104 2.178429 1
103.7104 2.178429 1
103.3884 2.454515 1
82.27592 2.689578 1
82.27592 2.689578 1
82.27592 2.689578 1
82.27592 2.689578 1
62.97835 3.583554 1
62.97835 3.583554 1
61.27306 3.843014 1
57.19992 4.293613 1
46.37314 5.553795 1
40.83328 9.86758 1
582.4745 0.3631023 1
300.2263 0.7531264 1
266.3431 0.8386095 1
224.7809 1.439948 1
147.7421 1.444527 1
147.7421 1.444527 1
147.2736 1.585907 1
147.2736 1.585907 1
107.2578 2.147181 1
107.2578 2.147181 1
107.2578 2.147181 1
107.2578 2.147181 1
91.53638 2.453997 1
91.53638 2.453997 1
85.94052 2.484781 1
79.07387 2.689578 1
79.07387 2.689578 1
69.54287 3.166138 1
69.54287 3.166138 1
69.54287 3.166138 1
69.54287 3.166138 1
69.54287 3.166138 1
69.54287 3.166138 1
69.54287 3.166138 1
62.97835 3.583554 1
62.97835 3.583554 1
52.83663 10.78622 1
52.83663 10.78622 1
24.93743 21.92758 1
24.93743 21.92758 1
582.4745 0.3631023 1
300.2263 0.7531264 1
266.3431 0.8386095 1
224.7809 1.439948 1
147.7421 1.444527 1
147.7421 1.444527 1
147.2736 1.585907 1
133.3154 1.664111 1
126.3863 1.779968 1
126.3863 1.779968 1
103.1556 2.147181 1
103.1556 2.147181 1
87.70515 2.316352 1
87.70515 2.316352 1
85.94052 2.484781 1
79.07387 2.689578 1
79.07387 2.689578 1
76.40381 2.904573 1
70.28819 3.07255 1
61.43653 3.410411 1
61.43653 3.410411 1
61.43653 3.410411 1
61.43653 3.410411 1
61.43653 3.410411 1
61.43653 3.410411 1
33.62501 7.275059 1
33.62501 7.275059 1
33.62501 7.275059 1
33.62501 7.275059 1
24.93743 21.92758 1
582.4745 0.3631023 1
300.2263 0.7531264 1
167.9209 1.379199 1
125.7598 1.407068 1
125.7598 1.407068 1
108.5475 1.677612 1
108.5475 1.677612 1
93.64625 2.278946 1
93.64625 2.278946 1
93.64625 2.278946 1
75.04767 2.737762 1
75.04767 2.737762 1
73.99911 2.918265 1
66.09636 3.281084 1
66.09636 3.281084 1
61.43653 3.410411 1
61.43653 3.410411 1
61.43653 3.410411 1
41.83042 5.106465 1
41.83042 5.106465 1
41.83042 5.106465 1
41.83042 5.106465 1
41.83042 5.106465 1
41.83042 5.106465 1
39.55195 6.982975 1
33.62501 7.275059 1
33.62501 7.275059 1
33.62501 7.275059 1
33.62501 7.275059 1
16.39221 37.41405 1
582.4745 0.3631023 1
135.2169 1.315754 1
103.8521 1.71715 1
96.08704 1.983921 1
78.15018 2.801717 1
78.15018 2.801717 1
67.97031 3.581272 1
67.97031 3.581272 1
67.97031 3.581272 1
40.73344 5.218214 1
40.73344 5.218214 1
40.73344 5.218214 1
40.73344 5.218214 1
41.00706 5.350524 1
41.00706 5.350524 1
41.00706 5.350524 1
41.00706 5.350524 1
41.00706 5.350524 1
41.00706 5.350524 1
41.00706 5.350524 1
11.76788 15.19952 1
11.76788 15.19952 1
11.76788 15.19952 1
11.76788 15.19952 1
11.76788 15.19952 1
11.76788 15.19952 1
11.76788 15.19952 1
11.76788 15.19952 1
11.76788 15.19952 1
2.722041 102.658 1
582.4745 0.3631023 1
135.2169 1.315754 1
103.8521 1.71715 1
96.08704 1.983921 1
64.17238 2.761461 1
64.17238 2.761461 1
64.17238 2.761461 1
64.17238 2.761461 1
43.68755 3.968738 1
43.68755 3.968738 1
43.68755 3.968738 1
43.68755 3.968738 1
40.73344 5.218214 1
39.36929 5.265095 1
30.48366 5.796631 1
30.48366 5.796631 1
29.07498 6.11254 1
29.07498 6.11254 1
29.07498 6.11254 1
29.07498 6.11254 1
23.021 9.200739 1
23.021 9.200739 1
23.021 9.200739 1
23.021 9.200739 1
11.76788 15.19952 1
11.76788 15.19952 1
11.76788 15.19952 1
8.147655 21.68368 1
8.147655 21.68368 1
2.722041 102.658 1
582.4745 0.3631023 1
135.2169 1.315754 1
103.8521 1.71715 1
96.08704 1.983921 1
70.5774 2.550792 1
64.17238 2.761461 1
64.17238 2.761461 1
64.17238 2.761461 1
43.80816 3.890346 1
43.80816 3.890346 1
43.68755 3.968738 1
43.68755 3.968738 1
40.73344 5.218214 1
39.36929 5.265095 1
30.48366 5.796631 1
30.48366 5.796631 1
29.07498 6.11254 1
25.8044 6.732441 1
25.8044 6.732441 1
25.8044 6.732441 1
23.021 9.200739 1
23.021 9.200739 1
23.021 9.200739 1
23.021 9.200739 1
11.76788 15.19952 1
11.76788 15.19952 1
11.76788 15.19952 1
8.147655 21.68368 1
8.114585 24.69035 1
2.722041 102.658 1
582.4745 0.3631023 1
135.2169 1.315754 1
103.8521 1.71715 1
83.29513 2.108985 1
70.5774 2.550792 1
64.33979 2.733501 1
56.73419 3.117826 1
56.73419 3.117826 1
46.79362 3.773404 1
46.79362 3.773404 1
43.68755 3.968738 1
39.85912 4.330241 1
39.85912 4.330241 1
39.36929 5.265095 1
30.48366 5.796631 1
30.48366 5.796631 1
29.07498 6.11254 1
25.86043 6.701094 1
25.8044 6.732441 1
25.8044 6.732441 1
23.021 9.200739 1
23.021 9.200739 1
18.63614 10.94054 1
18.63614 10.94054 1
18.63614 10.94054 1
11.78225 15.01641 1
11.78225 15.01641 1
8.147655 21.68368 1
8.114585 24.69035 1
2.722041 102.658 1
582.4745 0.3631023 1
135.2169 1.315754 1
105.1114 1.669166 1
83.29513 2.108985 1
70.5774 2.550792 1
64.33979 2.733501 1
56.73419 3.117826 1
52.779 3.201293 1
51.44577 3.466048 1
46.79362 3.773404 1
43.68755 3.968738 1
39.85912 4.330241 1
37.83694 4.559626 1
37.83694 4.559626 1
30.9199 5.612181 1
30.48366 5.796631 1
29.07498 6.11254 1
25.86043 6.701094 1
25.8044 6.732441 1
25.8044 6.732441 1
20.09553 8.521654 1
20.09553 8.521654 1
20.09553 8.521654 1
18.63614 10.94054 1
18.63614 10.94054 1
11.78225 15.01641 1
11.78225 15.01641 1
10.27887 18.08524 1
8.114585 24.69035 1
2.722041 102.658 1
582.4745 0.3631023 1
135.2169 1.315754 1
105.1114 1.669166 1
83.29513 2.108985 1
70.5774 2.550792 1
64.33979 2.733501 1
56.73419 3.117826 1
52.779 3.201293 1
50.59337 3.565428 1
46.79362 3.773404 1
43.68755 3.968738 1
39.85912 4.330241 1
37.51854 4.647921 1
37.51854 4.647921 1
30.9199 5.612181 1
30.48366 5.796631 1
29.07498 6.11254 1
25.86043 6.701094 1
25.8044 6.732441 1
22.88061 7.724984 1
22.88061 7.724984 1
20.09553 8.521654 1
19.26824 9.057658 1
18.05724 11.02832 1
18.05724 11.02832 1
11.78225 15.01641 1
11.78225 15.01641 1
10.27887 18.08524 1
8.114585 24.69035 1
2.722041 102.658 1
582.4745 0.3631023 1
135.2169 1.315754 1
105.1114 1.669166 1
75.64626 2.252618 1
70.5774 2.550792 1
64.33979 2.733501 1
56.73419 3.117826 1
52.779 3.201293 1
41.59976 4.542291 1
41.59976 4.542291 1
41.52519 4.853066 1
32.88309 5.480784 1
32.88309 5.480784 1
32.88309 5.480784 1
30.9199 5.612181 1
25.48918 6.741755 1
24.54421 6.925588 1
24.54421 6.925588 1
24.54421 6.925588 1
22.88061 7.724984 1
18.29238 9.596098 1
18.29238 9.596098 1
16.1777 10.79784 1
16.1777 10.79784 1
16.1777 10.79784 1
11.78225 15.01641 1
9.839919 18.01159 1
9.839919 18.01159 1
8.114585 24.69035 1
1.298139 137.5051 1
582.4745 0.3631023 1
135.2169 1.315754 1
77.64767 2.174799 1
73.96655 2.384697 1
70.5774 2.550792 1
64.33979 2.733501 1
56.73419 3.117826 1
52.779 3.201293 1
38.40666 4.542291 1
38.40666 4.542291 1
38.40666 4.542291 1
32.88309 5.480784 1
32.88309 5.480784 1
32.88309 5.480784 1
30.9199 5.612181 1
25.48918 6.741755 1
24.54421 6.925588 1
24.54421 6.925588 1
24.54421 6.925588 1
22.88061 7.724984 1
18.29238 9.596098 1
16.40077 10.83349 1
16.1777 10.79784 1
14.15224 12.70443 1
14.15224 12.70443 1
11.78225 15.01641 1
9.839919 18.01159 1
9.839919 18.01159 1
5.608437 30.31531 1
1.298139 137.5051 1
582.4745 0.3631023 1
135.2169 1.315754 1
77.64767 2.174799 1
73.96655 2.384697 1
70.5774 2.550792 1
64.33979 2.733501 1
51.45503 3.597325 1
51.45503 3.597325 1
38.40666 4.542291 1
38.40666 4.542291 1
38.25566 4.549459 1
34.88879 5.002115 1
32.88309 5.480784 1
32.88309 5.480784 1
30.9199 5.612181 1
25.48918 6.741755 1
24.54421 6.925588 1
24.54421 6.925588 1
19.86216 9.250839 1
19.86216 9.250839 1
18.29238 9.596098 1
16.40077 10.83349 1
15.92607 11.0856 1
14.15224 12.70443 1
14.15224 12.70443 1
11.67668 15.3431 1
9.839919 18.01159 1
9.839919 18.01159 1
5.608437 30.31531 1
1.298139 137.5051 1
582.4745 0.3631023 1
125.2254 1.488074 1
77.64767 2.174799 1
73.96655 2.384697 1
50.10618 3.359863 1
50.10618 3.359863 1
50.10618 3.359863 1
32.68749 5.57193 1
38.40666 4.542291 1
32.68749 5.57193 1
32.68749 5.57193 1
32.68749 5.57193 1
23.93286 7.356623 1
23.93286 7.356623 1
23.93286 7.356623 1
23.93286 7.356623 1
20.08279 8.967457 1
20.08279 8.967457 1
19.86216 9.250839 1
19.86216 9.250839 1
18.29238 9.596098 1
16.40077 10.83349 1
15.92607 11.0856 1
14.15224 12.70443 1
9.765582 18.24017 1
9.765582 18.24017 1
9.765582 18.24017 1
9.765582 18.24017 1
4.920864 39.32748 1
1.298139 137.5051 1
582.4745 0.3631023 1
47.23609 3.7006 1
38.5397 4.506168 1
21.52675 8.449808 1
21.52675 8.449808 1
21.52675 8.449808 1
21.52675 8.449808 1
10.9511 15.88925 1
10.9511 15.88925 1
10.9511 15.88925 1
10.9511 15.88925 1
10.9511 15.88925 1
10.9511 15.88925 1
10.9511 15.88925 1
10.9511 15.88925 1
10.9511 15.88925 1
10.9511 15.88925 1
10.9511 15.88925 1
10.9511 15.88925 1
10.9511 15.88925 1
10.9511 15.88925 1
10.9511 15.88925 1
10.9511 15.88925 1
10.9511 15.88925 1
9.765582 18.24017 1
9.765582 18.24017 1
1.073695 172.3521 1
1.073695 172.3521 1
1.073695 172.3521 1
1.073695 172.3521 1
582.4745 0.3631023 1
47.23609 3.7006 1
31.7496 5.678316 1
25.62005 6.913809 1
21.52675 8.449808 1
21.52675 8.449808 1
21.52675 8.449808 1
10.9511 15.88925 1
10.9511 15.88925 1
10.9511 15.88925 1
10.9511 15.88925 1
10.9511 15.88925 1
10.3869 17.06072 1
10.3869 17.06072 1
10.3869 17.06072 1
10.3869 17.06072 1
10.3869 17.06072 1
10.3869 17.06072 1
10.9511 15.88925 1
10.9511 15.88925 1
10.9511 15.88925 1
10.9511 15.88925 1
10.9511 15.88925 1
10.9511 15.88925 1
9.765582 18.24017 1
9.765582 18.24017 1
1.073695 172.3521 1
1.073695 172.3521 1
1.073695 172.3521 1
1.073695 172.3521 1
582.4745 0.3631023 1
146.1312 1.264204 1
81.18048 2.358448 1
81.18048 2.358448 1
81.18048 2.358448 1
81.18048 2.358448 1
81.18048 2.358448 1
81.18048 2.358448 1
81.18048 2.358448 1
81.18048 2.358448 1
81.18048 2.358448 1
81.18048 2.358448 1
10.95828 15.87845 1
10.95828 15.87845 1
10.95828 15.87845 1
10.95828 15.87845 1
10.95828 15.87845 1
10.95828 15.87845 1
10.9511 15.88925 1
10.9511 15.88925 1
10.9511 15.88925 1
10.9511 15.88925 1
10.9511 15.88925 1
10.9511 15.88925 1
10.65181 16.15511 1
10.65181 16.15511 1
10.65181 16.15511 1
10.65181 16.15511 1
10.65181 16.15511 1
1.073695 172.3521 1
582.4745 0.3631023 1
49.88083 3.506651 1
13.79769 12.84469 1
13.79769 12.84469 1
13.79769 12.84469 1
13.79769 12.84469 1
10.91186 16.03603 1
10.91186 16.03603 1
10.91186 16.03603 1
10.91186 16.03603 1
10.91186 16.03603 1
10.91186 16.03603 1
10.91186 16.03603 1
10.91186 16.03603 1
10.91186 16.03603 1
10.91186 16.03603 1
10.91186 16.03603 1
10.91186 16.03603 1
10.91186 16.03603 1
10.91186 16.03603 1
10.91186 16.03603 1
10.91186 16.03603 1
10.91186 16.03603 1
10.91186 16.03603 1
10.65181 16.15511 1
10.65181 16.15511 1
10.65181 16.15511 1
10.65181 16.15511 1
10.65181 16.15511 1
1.073695 172.3521 1
582.4745 0.3631023 1
54.3409 3.207141 1
54.3409 3.207141 1
46.2835 3.780392 1
46.2835 3.780392 1
46.2835 3.780392 1
19.69546 8.918122 1
19.69546 8.918122 1
19.69546 8.918122 1
19.69546 8.918122 1
19.69546 8.918122 1
19.69546 8.918122 1
19.69546 8.918122 1
19.69546 8.918122 1
10.9391 15.94277 1
10.9391 15.94277 1
10.9391 15.94277 1
10.9391 15.94277 1
11.29186 14.90026 1
11.29186 14.90026 1
10.91132 16.03603 1
10.91132 16.03603 1
7.805781 22.8673 1
7.805781 22.8673 1
7.805781 22.8673 1
7.805781 22.8673 1
7.805781 22.8673 1
7.805781 22.8673 1
7.805781 22.8673 1
1.073695 172.3521 1
582.4745 0.3631023 1
54.3409 3.207141 1
54.3409 3.207141 1
46.2835 3.780392 1
46.2835 3.780392 1
28.77386 6.104202 1
28.77386 6.104202 1
28.77386 6.104202 1
28.77386 6.104202 1
28.77386 6.104202 1
24.72815 8.475231 1
19.69546 8.918122 1
19.69546 8.918122 1
19.69546 8.918122 1
15.01465 12.34961 1
15.01465 12.34961 1
15.01465 12.34961 1
15.01465 12.34961 1
13.53679 13.2206 1
11.29186 14.90026 1
10.91132 16.03603 1
10.91132 16.03603 1
7.805781 22.8673 1
7.805781 22.8673 1
7.805781 22.8673 1
7.070218 24.90633 1
7.070218 24.90633 1
7.070218 24.90633 1
7.070218 24.90633 1
0.5097106 361.3005 1
582.4745 0.3631023 1
74.24002 2.833079 1
54.3409 3.207141 1
46.2835 3.780392 1
46.2835 3.780392 1
28.77386 6.104202 1
28.77386 6.104202 1
28.77386 6.104202 1
25.84449 6.986368 1
25.84449 6.986368 1
22.00587 8.130629 1
22.00587 8.130629 1
19.69546 8.918122 1
19.69546 8.918122 1
15.01465 12.34961 1
15.01465 12.34961 1
15.01465 12.34961 1
13.56982 12.98267 1
13.53679 13.2206 1
11.29186 14.90026 1
10.91132 16.03603 1
10.91132 16.03603 1
7.805781 22.8673 1
7.805781 22.8673 1
7.805781 22.8673 1
7.070218 24.90633 1
7.070218 24.90633 1
7.070218 24.90633 1
7.070218 24.90633 1
0.5097106 361.3005 1
582.4745 0.3631023 1
64.64627 2.763017 1
54.3409 3.207141 1
46.2835 3.780392 1
43.64097 4.111872 1
43.64097 4.111872 1
35.44596 5.937941 1
28.77386 6.104202 1
25.84449 6.986368 1
25.84449 6.986368 1
22.14048 8.07663 1
22.00587 8.130629 1
19.69546 8.918122 1
19.69546 8.918122 1
15.01465 12.34961 1
15.01465 12.34961 1
15.01465 12.34961 1
13.56982 12.98267 1
13.53679 13.2206 1
11.29186 14.90026 1
10.91132 16.03603 1
10.40089 17.20676 1
10.40089 17.20676 1
7.805781 22.8673 1
7.805781 22.8673 1
7.070218 24.90633 1
7.070218 24.90633 1
7.070218 24.90633 1
7.070218 24.90633 1
0.5097106 361.3005 1
582.4745 0.3631023 1
64.64627 2.763017 1
54.3409 3.207141 1
37.22901 4.766715 1
37.22901 4.766715 1
23.38022 7.405453 1
23.38022 7.405453 1
23.38022 7.405453 1
23.38022 7.405453 1
23.38022 7.405453 1
18.69359 11.48023 1
18.69359 11.48023 1
18.69359 11.48023 1
18.69359 11.48023 1
15.01465 12.34961 1
15.01465 12.34961 1
15.01465 12.34961 1
13.56982 12.98267 1
13.53679 13.2206 1
11.29186 14.90026 1
10.91132 16.03603 1
10.40089 17.20676 1
10.40089 17.20676 1
7.805781 22.8673 1
7.805781 22.8673 1
7.070218 24.90633 1
7.070218 24.90633 1
7.070218 24.90633 1
7.070218 24.90633 1
0.5097106 361.3005 1
582.4745 0.3631023 1
64.64627 2.763017 1
60.06442 3.081483 1
60.06442 3.081483 1
37.22901 4.766715 1
23.38022 7.405453 1
23.38022 7.405453 1
23.38022 7.405453 1
23.38022 7.405453 1
23.38022 7.405453 1
30.69726 7.66695 1
22.25202 11.1881 1
22.25202 11.1881 1
18.69359 11.48023 1
15.01465 12.34961 1
15.01465 12.34961 1
15.01465 12.34961 1
13.92847 12.36399 1
13.53679 13.2206 1
11.29186 14.90026 1
10.91132 16.03603 1
10.40089 17.20676 1
10.40089 17.20676 1
7.805781 22.8673 1
7.805781 22.8673 1
7.070218 24.90633 1
5.660047 32.16938 1
5.660047 32.16938 1
5.660047 32.16938 1
0.5097106 361.3005 1
582.4745 0.3631023 1
66.13531 2.669609 1
60.06442 3.081483 1
60.06442 3.081483 1
37.22901 4.766715 1
23.38022 7.405453 1
23.38022 7.405453 1
23.38022 7.405453 1
23.38022 7.405453 1
23.38022 7.405453 1
30.66023 7.682632 1
22.25202 11.1881 1
22.25202 11.1881 1
18.69359 11.48023 1
15.01465 12.34961 1
15.01465 12.34961 1
15.01465 12.34961 1
13.92847 12.36399 1
13.53679 13.2206 1
11.29186 14.90026 1
10.91132 16.03603 1
10.40089 17.20676 1
10.11434 18.26785 1
7.805781 22.8673 1
7.805781 22.8673 1
7.070218 24.90633 1
5.660047 32.16938 1
5.660047 32.16938 1
5.660047 32.16938 1
0.5097106 361.3005 1
582.4745 0.3631023 1
66.13531 2.669609 1
58.9747 3.372471 1
35.69208 4.973602 1
37.22901 4.766715 1
34.39076 5.040328 1
34.39076 5.040328 1
23.38022 7.405453 1
23.38022 7.405453 1
23.38022 7.405453 1
30.66023 7.682632 1
22.25202 11.1881 1
22.25202 11.1881 1
18.69359 11.48023 1
15.01465 12.34961 1
15.01465 12.34961 1
15.01465 12.34961 1
13.92847 12.36399 1
13.53679 13.2206 1
11.29186 14.90026 1
10.43064 17.07774 1
10.40089 17.20676 1
10.11434 18.26785 1
7.805781 22.8673 1
7.805781 22.8673 1
7.070218 24.90633 1
5.638281 32.52084 1
4.59719 38.57144 1
4.59719 38.57144 1
0.4150134 442.0671 1
582.4745 0.3631023 1
63.10481 2.785396 1
42.26367 4.459746 1
35.69208 4.973602 1
21.67849 8.235714 1
21.67849 8.235714 1
21.67849 8.235714 1
21.67849 8.235714 1
16.64654 13.24921 1
16.64654 13.24921 1
16.64654 13.24921 1
12.92714 15.24051 1
12.92714 15.24051 1
10.89617 16.47105 1
12.92714 15.24051 1
12.92714 15.24051 1
10.08816 17.86057 1
10.08816 17.86057 1
10.08816 17.86057 1
10.08816 17.86057 1
10.08816 17.86057 1
10.08816 17.86057 1
10.08816 17.86057 1
7.805781 22.8673 1
7.805781 22.8673 1
7.070218 24.90633 1
5.638281 32.52084 1
4.59719 38.57144 1
4.59719 38.57144 1
0.4150134 442.0671 1
582.4745 0.3631023 1
63.10481 2.785396 1
42.26367 4.459746 1
35.69208 4.973602 1
28.48395 6.267989 1
28.48395 6.267989 1
25.24388 8.054647 1
21.67849 8.235714 1
25.24388 8.054647 1
16.64654 13.24921 1
16.64654 13.24921 1
13.15207 13.9421 1
13.15207 13.9421 1
13.15207 13.9421 1
13.15207 13.9421 1
12.92714 15.24051 1
10.08816 17.86057 1
10.08816 17.86057 1
10.08816 17.86057 1
10.08816 17.86057 1
10.08816 17.86057 1
10.08816 17.86057 1
10.08816 17.86057 1
7.805781 22.8673 1
5.016305 40.14883 1
5.016305 40.14883 1
5.016305 40.14883 1
4.59719 38.57144 1
1.624005 114.8855 1
0.4150134 442.0671 1
582.4745 0.3631023 1
40.95822 4.454835 1
32.70024 7.126939 1
32.70024 7.126939 1
28.48395 6.267989 1
22.96887 15.00356 1
22.96887 15.00356 1
9.845275 18.65141 1
9.845275 18.65141 1
9.845275 18.65141 1
9.845275 18.65141 1
10.25217 17.09791 1
9.845275 18.65141 1
9.845275 18.65141 1
9.845275 18.65141 1
9.845275 18.65141 1
6.408391 27.87942 1
6.408391 27.87942 1
6.408391 27.87942 1
6.408391 27.87942 1
6.408391 27.87942 1
6.408391 27.87942 1
6.408391 27.87942 1
6.408391 27.87942 1
5.016305 40.14883 1
5.016305 40.14883 1
5.016305 40.14883 1
4.59719 38.57144 1
1.624005 114.8855 1
0.4150134 442.0671 1
582.4745 0.3631023 1
101.1679 1.775379 1
52.0974 3.559878 1
38.95307 4.655394 1
34.30913 5.346584 1
34.30913 5.346584 1
34.30913 5.346584 1
34.30913 5.346584 1
23.43771 11.33356 1
23.43771 11.33356 1
23.43771 11.33356 1
23.43771 11.33356 1
23.43771 11.33356 1
15.25728 11.73164 1
15.25728 11.73164 1
15.25728 11.73164 1
11.46404 16.39232 1
11.46404 16.39232 1
11.46404 16.39232 1
11.46404 16.39232 1
11.46404 16.39232 1
11.46404 16.39232 1
6.499836 26.92339 1
6.499836 26.92339 1
6.499836 26.92339 1
6.499836 26.92339 1
5.016305 40.14883 1
3.970957 45.06437 1
3.970957 45.06437 1
0.3621994 512.9377 1
582.4745 0.3631023 1
89.05706 2.033215 1
52.0974 3.559878 1
40.34934 4.422366 1
34.30913 5.346584 1
34.30913 5.346584 1
22.14848 7.53162 1
22.14848 7.53162 1
22.14848 7.53162 1
22.14848 7.53162 1
22.14848 7.53162 1
22.14848 7.53162 1
14.77996 12.16337 1
15.25728 11.73164 1
15.25728 11.73164 1
15.25728 11.73164 1
11.46404 16.39232 1
11.46404 16.39232 1
11.46404 16.39232 1
11.46404 16.39232 1
11.46397 16.39232 1
11.46397 16.39232 1
6.499836 26.92339 1
6.499836 26.92339 1
6.499836 26.92339 1
6.499836 26.92339 1
5.016305 40.14883 1
3.970957 45.06437 1
2.345853 77.86255 1
0.3621994 512.9377 1
582.4745 0.3631023 1
89.05706 2.033215 1
52.0974 3.559878 1
40.34934 4.422366 1
34.30913 5.346584 1
34.30913 5.346584 1
22.14848 7.53162 1
22.14848 7.53162 1
21.92751 7.619415 1
21.92751 7.619415 1
21.92751 7.619415 1
20.27146 9.262653 1
14.77996 12.16337 1
15.25728 11.73164 1
15.25728 11.73164 1
13.17367 14.05199 1
11.90769 14.13406 1
11.90769 14.13406 1
11.46404 16.39232 1
11.46404 16.39232 1
11.46397 16.39232 1
11.46397 16.39232 1
6.499836 26.92339 1
6.499836 26.92339 1
6.499836 26.92339 1
6.175664 29.91261 1
5.208297 35.57855 1
3.970957 45.06437 1
2.345853 77.86255 1
0.3621994 512.9377 1
582.4745 0.3631023 1
80.65235 2.098493 1
51.61332 3.619543 1
40.34934 4.422366 1
34.30913 5.346584 1
30.35938 6.006373 1
26.03088 7.117363 1
22.14848 7.53162 1
21.92751 7.619415 1
19.62772 8.631831 1
19.62772 8.631831 1
19.62772 8.631831 1
14.77996 12.16337 1
15.25728 11.73164 1
15.25728 11.73164 1
13.17367 14.05199 1
11.90769 14.13406 1
11.90769 14.13406 1
11.04456 15.09892 1
11.04456 15.09892 1
11.04456 15.09892 1
10.11394 24.34516 1
6.631195 25.31468 1
6.631195 25.31468 1
6.631195 25.31468 1
6.175664 29.91261 1
5.208297 35.57855 1
3.970957 45.06437 1
2.345853 77.86255 1
0.3621994 512.9377 1
582.4745 0.3631023 1
80.65235 2.098493 1
51.61332 3.619543 1
40.34934 4.422366 1
34.30913 5.346584 1
30.35938 6.006373 1
26.03088 7.117363 1
22.14848 7.53162 1
21.92751 7.619415 1
19.62772 8.631831 1
19.62772 8.631831 1
16.64734 10.15311 1
16.64734 10.15311 1
15.46344 10.85026 1
15.25728 11.73164 1
13.17367 14.05199 1
11.90769 14.13406 1
11.90769 14.13406 1
11.04456 15.09892 1
11.04456 15.09892 1
11.04456 15.09892 1
10.11394 24.34516 1
6.631195 25.31468 1
6.631195 25.31468 1
6.631195 25.31468 1
6.175664 29.91261 1
5.129709 37.31069 1
3.970957 45.06437 1
2.345853 77.86255 1
0.3621994 512.9377 1
582.4745 0.3631023 1
35.83062 5.522824 1
19.43675 8.652408 1
17.75506 9.791348 1
15.40065 11.00199 1
15.40065 11.00199 1
11.04489 15.09812 1
11.04489 15.09812 1
11.04489 15.09812 1
11.04489 15.09812 1
10.51199 22.05308 1
10.51199 22.05308 1
10.51199 22.05308 1
10.51199 22.05308 1
10.51199 22.05308 1
10.17291 18.44943 1
10.17291 18.44943 1
10.17291 18.44943 1
10.17291 18.44943 1
10.17291 18.44943 1
7.279793 22.91254 1
7.279793 22.91254 1
6.631195 25.31468 1
6.631195 25.31468 1
6.631195 25.31468 1
6.175664 29.91261 1
0.9395664 178.6516 1
0.9395664 178.6516 1
0.9395664 178.6516 1
0.3621994 512.9377 1
582.4745 0.3631023 1
35.83062 5.522824 1
22.52105 7.410131 1
22.52105 7.410131 1
22.52105 7.410131 1
22.52105 7.410131 1
22.52105 7.410131 1
15.88415 10.50259 1
15.88415 10.50259 1
15.88415 10.50259 1
15.88415 10.50259 1
15.88415 10.50259 1
15.88415 10.50259 1
8.883672 19.31724 1
10.51466 16.81219 1
10.51466 16.81219 1
8.883672 19.31724 1
8.883672 19.31724 1
8.883672 19.31724 1
8.883672 19.31724 1
7.279793 22.91254 1
6.721316 27.92731 1
5.837671 32.13344 1
5.837671 32.13344 1
5.837671 32.13344 1
5.837671 32.13344 1
2.779795 60.03771 1
2.779795 60.03771 1
2.111531 79.1162 1
0.3621994 512.9377 1
582.4745 0.3631023 1
54.0228 3.856225 1
35.90007 4.64442 1
30.35486 5.550511 1
30.35486 5.550511 1
22.52105 7.410131 1
22.52105 7.410131 1
15.88415 10.50259 1
15.88415 10.50259 1
15.88415 10.50259 1
15.88415 10.50259 1
15.88415 10.50259 1
15.88415 10.50259 1
11.13588 14.98033 1
11.13588 14.98033 1
11.13588 14.98033 1
11.13588 14.98033 1
8.783846 19.08432 1
8.783846 19.08432 1
8.783846 19.08432 1
7.279793 22.91254 1
6.721316 27.92731 1
5.837671 32.13344 1
5.837671 32.13344 1
5.837671 32.13344 1
5.837671 32.13344 1
2.779795 60.03771 1
2.779795 60.03771 1
2.333333 78.18299 1
0.3621994 512.9377 1
584.9678 0.3597875 1
54.0228 3.856225 1
35.90007 4.64442 1
32.22805 5.199348 1
32.22805 5.199348 1
32.22805 5.199348 1
22.52105 7.410131 1
32.22805 5.199348 1
15.88415 10.50259 1
15.88415 10.50259 1
15.88415 10.50259 1
15.88415 10.50259 1
15.88415 10.50259 1
11.38915 14.64966 1
11.38915 14.64966 1
11.38915 14.64966 1
11.38915 14.64966 1
11.38915 14.64966 1
11.38915 14.64966 1
11.38915 14.64966 1
11.38915 14.64966 1
11.38915 14.64966 1
11.38915 14.64966 1
5.837671 32.13344 1
5.837671 32.13344 1
5.837671 32.13344 1
2.779795 60.03771 1
2.779795 60.03771 1
2.226421 75.9976 1
0.3621994 512.9377 1
510.3207 0.3473712 1
32.03746 5.205122 1
18.69632 9.045656 1
15.93589 10.4699 1
12.3269 13.53371 1
12.3269 13.53371 1
12.3269 13.53371 1
12.3269 13.53371 1
12.3269 13.53371 1
12.3269 13.53371 1
12.3269 13.53371 1
11.32719 14.79181 1
11.32719 14.79181 1
11.32719 14.79181 1
11.32719 14.79181 1
11.32719 14.79181 1
11.32719 14.79181 1
11.32719 14.79181 1
11.32719 14.79181 1
11.32719 14.79181 1
9.358963 17.82739 1
9.358963 17.82739 1
9.358963 17.82739 1
5.837671 32.13344 1
5.837671 32.13344 1
5.837671 32.13344 1
2.779795 60.03771 1
2.779795 60.03771 1
2.226421 75.9976 1
0.3621994 512.9377 1
510.3207 0.3473712 1
65.89387 2.777569 1
43.31326 3.848334 1
43.31326 3.848334 1
43.31326 3.848334 1
43.31326 3.848334 1
43.31326 3.848334 1
12.3269 13.53371 1
12.3269 13.53371 1
12.3269 13.53371 1
12.3269 13.53371 1
17.56382 9.501227 1
17.56382 9.501227 1
16.66511 10.05357 1
14.85778 13.68418 1
11.32719 14.79181 1
11.32719 14.79181 1
11.32719 14.79181 1
11.32719 14.79181 1
9.180744 18.33529 1
9.180744 18.33529 1
9.180744 18.33529 1
9.180744 18.33529 1
5.837671 32.13344 1
5.837671 32.13344 1
5.837671 32.13344 1
2.779795 60.03771 1
2.779795 60.03771 1
2.208008 75.99629 1
0.3621994 512.9377 1
510.3207 0.3473712 1
35.5889 4.683692 1
18.57847 8.982244 1
18.57847 8.982244 1
13.87733 12.08147 1
13.87733 12.08147 1
13.87733 12.08147 1
12.3269 13.53371 1
12.3269 13.53371 1
12.3269 13.53371 1
12.3269 13.53371 1
13.87733 12.08147 1
13.87733 12.08147 1
13.55734 30.30033 1
13.55734 30.30033 1
11.32719 14.79181 1
2.297126 72.82547 1
2.297126 72.82547 1
2.297126 72.82547 1
2.297126 72.82547 1
2.297126 72.82547 1
2.297126 72.82547 1
2.297126 72.82547 1
2.297126 72.82547 1
2.297126 72.82547 1
2.297126 72.82547 1
2.297126 72.82547 1
2.297126 72.82547 1
2.208008 75.99629 1
0.07177234 2674.793 1
510.3207 0.3473712 1
35.5889 4.683692 1
22.02504 8.741329 1
18.57847 8.982244 1
13.87733 12.08147 1
13.87733 12.08147 1
13.87733 12.08147 1
8.410682 19.88218 1
8.410682 19.88218 1
8.410682 19.88218 1
8.410682 19.88218 1
8.410682 19.88218 1
8.410682 19.88218 1
8.410682 19.88218 1
8.410682 19.88218 1
8.410682 19.88218 1
8.410682 19.88218 1
2.956423 56.64337 1
2.956423 56.64337 1
2.956423 56.64337 1
2.956423 56.64337 1
2.956423 56.64337 1
2.956423 56.64337 1
2.956423 56.64337 1
2.297734 72.79052 1
2.296592 72.82547 1
2.296592 72.82547 1
2.296592 72.82547 1
2.208008 75.99629 1
0.07177234 2674.793 1
515.6693 0.3451833 1
35.5889 4.683692 1
20.07069 8.341135 1
18.57847 8.982244 1
13.87733 12.08147 1
13.87733 12.08147 1
13.87733 12.08147 1
8.410682 19.88218 1
8.410682 19.88218 1
8.410682 19.88218 1
8.410682 19.88218 1
8.410682 19.88218 1
8.410682 19.88218 1
8.410682 19.88218 1
8.410682 19.88218 1
8.410682 19.88218 1
8.410682 19.88218 1
2.956423 56.64337 1
2.956423 56.64337 1
2.956423 56.64337 1
2.956423 56.64337 1
2.956423 56.64337 1
2.956423 56.64337 1
2.956423 56.64337 1
2.297734 72.79052 1
2.296592 72.82547 1
2.272586 73.69508 1
1.223029 136.684 1
1.223029 136.684 1
0.07177234 2674.793 1
515.6693 0.3451833 1
34.84329 4.794904 1
20.07069 8.341135 1
18.57847 8.982244 1
13.87733 12.08147 1
13.87733 12.08147 1
13.87733 12.08147 1
8.410682 19.88218 1
8.410682 19.88218 1
8.410682 19.88218 1
8.275585 20.50498 1
8.275585 20.50498 1
8.275585 20.50498 1
8.275585 20.50498 1
8.275585 20.50498 1
8.275585 20.50498 1
8.275585 20.50498 1
2.956423 56.64337 1
2.956423 56.64337 1
2.956423 56.64337 1
2.956423 56.64337 1
2.956423 56.64337 1
2.956423 56.64337 1
2.956423 56.64337 1
2.745648 60.92615 1
2.296592 72.82547 1
2.027462 82.49812 1
1.680183 99.63182 1
1.223029 136.684 1
0.07177234 2674.793 1
515.6693 0.3451833 1
34.84329 4.794904 1
14.02248 11.93885 1
13.74929 12.39214 1
8.393644 19.95602 1
8.393644 19.95602 1
8.317803 20.29981 1
8.317803 20.29981 1
8.317803 20.29981 1
8.317803 20.29981 1
4.731748 35.35043 1
4.731748 35.35043 1
4.731748 35.35043 1
4.731748 35.35043 1
4.731748 35.35043 1
4.731748 35.35043 1
4.731748 35.35043 1
2.956423 56.64337 1
2.956423 56.64337 1
2.956423 56.64337 1
2.956423 56.64337 1
2.956423 56.64337 1
2.956423 56.64337 1
2.956423 56.64337 1
2.745648 60.92615 1
2.296592 72.82547 1
2.027462 82.49812 1
1.680183 99.63182 1
1.223029 136.684 1
0.07177234 2674.793 1
515.6693 0.3451833 1
34.84329 4.794904 1
14.02248 11.93885 1
13.74929 12.39214 1
8.393644 19.95602 1
8.393644 19.95602 1
8.317803 20.29981 1
8.317803 20.29981 1
8.317803 20.29981 1
8.317803 20.29981 1
4.731748 35.35043 1
4.731748 35.35043 1
4.731748 35.35043 1
4.731748 35.35043 1
4.731748 35.35043 1
4.731748 35.35043 1
4.765501 35.05999 1
4.765501 35.05999 1
4.765501 35.05999 1
4.765501 35.05999 1
4.765501 35.05999 1
2.956423 56.64337 1
2.956423 56.64337 1
2.956423 56.64337 1
2.745648 60.92615 1
2.296592 72.82547 1
2.027462 82.49812 1
1.680183 99.63182 1
1.14266 146.3707 1
0.07177234 2674.793 1
515.6693 0.3451833 1
32.11653 5.203622 1
14.30761 11.68918 1
14.30761 11.68918 1
14.30761 11.68918 1
11.83251 14.26944 1
11.83251 14.26944 1
11.83251 14.26944 1
8.317803 20.29981 1
8.317803 20.29981 1
11.83251 14.26944 1
4.736407 35.2754 1
4.736407 35.2754 1
4.737916 35.26111 1
4.737916 35.26111 1
4.737916 35.26111 1
4.765501 35.05999 1
4.765501 35.05999 1
4.736407 35.2754 1
4.736407 35.2754 1
4.736407 35.2754 1
2.956423 56.64337 1
2.956423 56.64337 1
2.956423 56.64337 1
2.745648 60.92615 1
2.296592 72.82547 1
2.027462 82.49812 1
1.680183 99.63182 1
1.14266 146.3707 1
0.07177234 2674.793 1
515.6693 0.3451833 1
32.11653 5.203622 1
19.86507 8.487573 1
14.30761 11.68918 1
14.30761 11.68918 1
11.85279 14.22213 1
11.83251 14.26944 1
11.83251 14.26944 1
8.317803 20.29981 1
8.317803 20.29981 1
7.256916 23.18881 1
7.256916 23.18881 1
4.736407 35.2754 1
4.737916 35.26111 1
4.737916 35.26111 1
4.737916 35.26111 1
4.765501 35.05999 1
4.765501 35.05999 1
4.667449 35.97713 1
4.405204 39.78363 1
4.405204 39.78363 1
2.956423 56.64337 1
2.956423 56.64337 1
2.956423 56.64337 1
2.745648 60.92615 1
2.296592 72.82547 1
2.023128 82.63593 1
1.680183 99.63182 1
1.14266 146.3707 1
0.07177234 2674.793 1
515.6693 0.3451833 1
32.11653 5.203622 1
19.86507 8.487573 1
14.30761 11.68918 1
14.30761 11.68918 1
11.85279 14.22213 1
11.83251 14.26944 1
11.83251 14.26944 1
8.317803 20.29981 1
8.317803 20.29981 1
7.256916 23.18881 1
7.256916 23.18881 1
4.736407 35.2754 1
7.234382 23.32698 1
7.234382 23.32698 1
4.737916 35.26111 1
4.765501 35.05999 1
4.765501 35.05999 1
4.667449 35.97713 1
4.405204 39.78363 1
4.405204 39.78363 1
2.956423 56.64337 1
2.956423 56.64337 1
2.956423 56.64337 1
2.596738 64.33943 1
2.296592 72.82547 1
2.023128 82.63593 1
1.680183 99.63182 1
1.14266 146.3707 1
0.07177234 2674.793 1
515.6693 0.3451833 1
32.11653 5.203622 1
19.86507 8.487573 1
16.24432 10.34707 1
14.30761 11.68918 1
11.85279 14.22213 1
11.83251 14.26944 1
11.83251 14.26944 1
8.317803 20.29981 1
8.317803 20.29981 1
7.256916 23.18881 1
7.256916 23.18881 1
6.552432 25.79743 1
6.552432 25.79743 1
7.234382 23.32698 1
4.737916 35.26111 1
4.765501 35.05999 1
4.765501 35.05999 1
4.667449 35.97713 1
4.405204 39.78363 1
4.405204 39.78363 1
2.956423 56.64337 1
2.956423 56.64337 1
2.956423 56.64337 1
2.596738 64.33943 1
2.296592 72.82547 1
2.023128 82.63593 1
1.680183 99.63182 1
1.14266 146.3707 1
0.07177234 2674.793 1
511.3143 0.3423181 1
32.11653 5.203622 1
19.86507 8.487573 1
16.24432 10.34707 1
14.30761 11.68918 1
11.85279 14.22213 1
11.83251 14.26944 1
11.83251 14.26944 1
8.317803 20.29981 1
8.317803 20.29981 1
7.256916 23.18881 1
7.256916 23.18881 1
6.552432 25.79743 1
6.552432 25.79743 1
7.060767 25.78784 1
4.738845 35.25486 1
4.765501 35.05999 1
4.765501 35.05999 1
4.487692 37.26773 1
4.405204 39.78363 1
3.855657 43.58671 1
3.855657 43.58671 1
2.956423 56.64337 1
2.956423 56.64337 1
2.596738 64.33943 1
2.296592 72.82547 1
2.023128 82.63593 1
1.680183 99.63182 1
1.14266 146.3707 1
0.07177234 2674.793 1
511.3143 0.3423181 1
32.11653 5.203622 1
19.86507 8.487573 1
16.24432 10.34707 1
14.30761 11.68918 1
11.85279 14.22213 1
11.83251 14.26944 1
11.83251 14.26944 1
8.317803 20.29981 1
8.317803 20.29981 1
7.256916 23.18881 1
7.256916 23.18881 1
6.552432 25.79743 1
6.552432 25.79743 1
7.060767 25.78784 1
4.738845 35.25486 1
4.765501 35.05999 1
4.765501 35.05999 1
4.487692 37.26773 1
4.405204 39.78363 1
3.855657 43.58671 1
3.855657 43.58671 1
2.956423 56.64337 1
2.956423 56.64337 1
2.596738 64.33943 1
2.296592 72.82547 1
2.023128 82.63593 1
1.680183 99.63182 1
1.14266 146.3707 1
0.07177234 2674.793 1
511.3143 0.3423181 1
7.274677 23.08436 1
7.274677 23.08436 1
5.863679 28.46674 1
5.863679 28.46674 1
5.863679 28.46674 1
5.863679 28.46674 1
5.863679 28.46674 1
5.863679 28.46674 1
2.646323 99.30955 1
2.646323 99.30955 1
2.646323 99.30955 1
2.646323 99.30955 1
2.646323 99.30955 1
2.646323 99.30955 1
2.646323 99.30955 1
2.646323 99.30955 1
2.646323 99.30955 1
2.646323 99.30955 1
0.8400588 200.386 1
0.8400588 200.386 1
0.8400588 200.386 1
0.8400588 200.386 1
0.8400588 200.386 1
0.8400588 200.386 1
0.7922535 212.843 1
0.7922535 212.843 1
0.7922535 212.843 1
0.7922535 212.843 1
0.008913697 20930.85 1
511.3143 0.3423181 1
10.15716 16.5955 1
7.274677 23.08436 1
5.863679 28.46674 1
5.863679 28.46674 1
4.679156 40.06768 1
4.247454 40.20397 1
4.247454 40.20397 1
4.247454 40.20397 1
4.247454 40.20397 1
4.247454 40.20397 1
1.781296 99.1064 1
2.646323 99.30955 1
2.646323 99.30955 1
2.646323 99.30955 1
2.636644 98.7271 1
2.636644 98.7271 1
2.636644 98.7271 1
2.636644 98.7271 1
0.8400588 200.386 1
0.8400588 200.386 1
0.8400588 200.386 1
0.8400588 200.386 1
0.8400588 200.386 1
0.8400588 200.386 1
0.8288332 205.7705 1
0.7922535 212.843 1
0.7922535 212.843 1
0.7922535 212.843 1
0.008913697 20930.85 1
490.8364 0.3423181 1
10.15716 16.5955 1
7.274677 23.08436 1
5.863679 28.46674 1
5.863679 28.46674 1
4.679156 40.06768 1
4.247454 40.20397 1
4.247454 40.20397 1
4.247454 40.20397 1
4.247454 40.20397 1
4.247454 40.20397 1
1.697909 98.58629 1
1.697909 98.58629 1
1.697909 98.58629 1
1.697909 98.58629 1
1.697909 98.58629 1
1.697909 98.58629 1
1.697909 98.58629 1
1.697909 98.58629 1
1.697909 98.58629 1
1.697909 98.58629 1
1.697909 98.58629 1
0.8400588 200.386 1
0.8400588 200.386 1
0.8400588 200.386 1
0.8288332 205.7705 1
0.7922535 212.843 1
0.7922535 212.843 1
0.7922535 212.843 1
0.008913697 20930.85 1
490.8364 0.3423181 1
10.15716 16.5955 1
7.274677 23.08436 1
5.863679 28.46674 1
5.863679 28.46674 1
4.679156 40.06768 1
4.247454 40.20397 1
4.247454 40.20397 1
4.247454 40.20397 1
4.247454 40.20397 1
1.697895 98.58629 1
1.697895 98.58629 1
1.697895 98.58629 1
1.697895 98.58629 1
1.697895 98.58629 1
1.697895 98.58629 1
1.697895 98.58629 1
1.697895 98.58629 1
1.697895 98.58629 1
1.275285 131.061 1
1.275285 131.061 1
1.275285 131.061 1
1.275285 131.061 1
0.8400588 200.386 1
0.8400588 200.386 1
0.8288332 205.7705 1
0.7922535 212.843 1
0.5128083 329.2212 1
0.5128083 329.2212 1
0.008913697 20930.85 1
490.8364 0.3423181 1
10.15716 16.5955 1
7.274677 23.08436 1
5.863679 28.46674 1
5.863679 28.46674 1
4.679156 40.06768 1
4.247454 40.20397 1
4.247454 40.20397 1
4.247454 40.20397 1
4.247454 40.20397 1
1.697895 98.58629 1
1.697895 98.58629 1
1.697895 98.58629 1
1.697895 98.58629 1
1.697895 98.58629 1
1.697895 98.58629 1
1.697895 98.58629 1
1.697895 98.58629 1
1.697895 98.58629 1
1.275285 131.061 1
1.275285 131.061 1
1.275285 131.061 1
1.275285 131.061 1
0.8400588 200.386 1
0.8400588 200.386 1
0.8288332 205.7705 1
0.7922535 212.843 1
0.5128083 329.2212 1
0.4142147 413.9568 1
0.008913697 20930.85 1
490.8364 0.3423181 1
10.15716 16.5955 1
7.274677 23.08436 1
5.863679 28.46674 1
5.863679 28.46674 1
4.679156 40.06768 1
4.247454 40.20397 1
4.247454 40.20397 1
4.247454 40.20397 1
4.247454 40.20397 1
1.697895 98.58629 1
1.697895 98.58629 1
1.697895 98.58629 1
1.697895 98.58629 1
1.697895 98.58629 1
1.697895 98.58629 1
1.697895 98.58629 1
1.697895 98.58629 1
1.697895 98.58629 1
1.27528 131.061 1
1.27528 131.061 1
1.27528 131.061 1
1.27528 131.061 1
0.8400588 200.386 1
0.8400588 200.386 1
0.8288332 205.7705 1
0.7922535 212.843 1
0.5128083 329.2212 1
0.4074957 410.351 1
0.008913697 20930.85 1
490.8364 0.3423181 1
10.15716 16.5955 1
7.274677 23.08436 1
5.863679 28.46674 1
5.863679 28.46674 1
4.679156 40.06768 1
4.247454 40.20397 1
4.247454 40.20397 1
4.247454 40.20397 1
4.247454 40.20397 1
1.697895 98.58629 1
1.697895 98.58629 1
1.697895 98.58629 1
1.703221 98.00751 1
1.703221 98.00751 1
1.703221 98.00751 1
1.703221 98.00751 1
1.697895 98.58629 1
1.697895 98.58629 1
1.27528 131.061 1
1.27528 131.061 1
1.27528 131.061 1
1.094155 153.0346 1
1.010005 165.4398 1
0.8400588 200.386 1
0.8288332 205.7705 1
0.7922535 212.843 1
0.5128083 329.2212 1
0.4074957 410.351 1
0.008913697 20930.85 1
490.8364 0.3423181 1
10.15716 16.5955 1
7.274677 23.08436 1
5.863679 28.46674 1
5.863679 28.46674 1
4.679156 40.06768 1
4.247454 40.20397 1
4.247454 40.20397 1
4.247454 40.20397 1
4.247454 40.20397 1
1.704726 97.84983 1
1.704726 97.84983 1
1.697895 98.58629 1
1.703221 98.00751 1
1.703221 98.00751 1
1.703221 98.00751 1
1.703221 98.00751 1
1.697895 98.58629 1
1.697895 98.58629 1
1.27528 131.061 1
1.27528 131.061 1
1.27528 131.061 1
1.094155 153.0346 1
1.010005 165.4398 1
0.9770769 173.5034 1
0.8288332 205.7705 1
0.7922535 212.843 1
0.5128083 329.2212 1
0.4074957 410.351 1
0.008913697 20930.85 1
490.8364 0.3423181 1
10.15716 16.5955 1
7.274677 23.08436 1
5.863679 28.46674 1
4.092978 41.19716 1
4.092978 41.19716 1
4.092978 41.19716 1
4.092978 41.19716 1
4.092978 41.19716 1
4.092978 41.19716 1
4.092978 41.19716 1
1.704937 97.82783 1
1.704937 97.82783 1
1.704937 97.82783 1
1.704937 97.82783 1
1.704937 97.82783 1
1.704937 97.82783 1
1.697895 98.58629 1
1.697895 98.58629 1
1.27528 131.061 1
1.27528 131.061 1
1.27528 131.061 1
1.094155 153.0346 1
0.9987721 168.6124 1
0.8626064 197.7859 1
0.8288332 205.7705 1
0.7341854 228.2931 1
0.5128083 329.2212 1
0.4074957 410.351 1
0.008913697 20930.85 1
490.8364 0.3423181 1
10.40212 16.03143 1
7.274677 23.08436 1
5.863679 28.46674 1
4.092978 41.19716 1
4.092978 41.19716 1
4.092978 41.19716 1
4.092978 41.19716 1
4.092978 41.19716 1
4.092978 41.19716 1
4.092978 41.19716 1
1.704937 97.82783 1
1.704937 97.82783 1
1.704937 97.82783 1
1.704937 97.82783 1
1.704937 97.82783 1
1.704937 97.82783 1
1.652338 101.0331 1
1.652338 101.0331 1
1.342957 124.3076 1
1.342957 124.3076 1
1.27528 131.061 1
1.094155 153.0346 1
0.9987721 168.6124 1
0.8626064 197.7859 1
0.8288332 205.7705 1
0.7341854 228.2931 1
0.5128083 329.2212 1
0.4074957 410.351 1
0.008913697 20930.85 1
490.8364 0.3423181 1
10.40212 16.03143 1
7.274677 23.08436 1
5.863679 28.46674 1
4.144699 40.73201 1
4.144699 40.73201 1
4.039427 41.4287 1
4.039427 41.4287 1
3.07207 55.05778 1
3.07207 55.05778 1
3.07207 55.05778 1
2.202254 77.03485 1
2.202254 77.03485 1
2.202254 77.03485 1
2.202254 77.03485 1
1.704937 97.82783 1
1.704937 97.82783 1
1.652338 101.0331 1
1.652338 101.0331 1
1.342957 124.3076 1
1.342957 124.3076 1
1.27528 131.061 1
1.146946 145.4682 1
0.9987721 168.6124 1
0.8626064 197.7859 1
0.8288332 205.7705 1
0.7341854 228.2931 1
0.5128083 329.2212 1
0.4074957 410.351 1
0.008913697 20930.85 1
490.8364 0.3423181 1
10.40212 16.03143 1
7.274677 23.08436 1
5.863679 28.46674 1
4.144699 40.73201 1
4.144699 40.73201 1
4.039427 41.4287 1
4.039427 41.4287 1
3.07207 55.05778 1
3.053888 55.2593 1
3.053888 55.2593 1
2.209242 76.73977 1
2.209242 76.73977 1
2.209242 76.73977 1
2.202254 77.03485 1
1.704937 97.82783 1
1.704937 97.82783 1
1.652338 101.0331 1
1.652338 101.0331 1
1.342957 124.3076 1
1.342957 124.3076 1
1.27528 131.061 1
1.146946 145.4682 1
0.9987721 168.6124 1
0.8626064 197.7859 1
0.8288332 205.7705 1
0.7341854 228.2931 1
0.5128083 329.2212 1
0.4074957 410.351 1
0.008913697 20930.85 1
490.8364 0.3423181 1
10.40212 16.03143 1
7.274677 23.08436 1
5.863679 28.46674 1
4.144699 40.73201 1
4.144699 40.73201 1
4.003649 41.93726 1
4.003649 41.93726 1
3.07207 55.05778 1
3.053888 55.2593 1
3.053888 55.2593 1
2.218488 75.53006 1
2.218488 75.53006 1
2.209242 76.73977 1
2.202254 77.03485 1
1.704937 97.82783 1
1.704937 97.82783 1
1.652338 101.0331 1
1.641821 102.4234 1
1.342957 124.3076 1
1.342957 124.3076 1
1.27528 131.061 1
1.146946 145.4682 1
0.9987721 168.6124 1
0.8576812 194.6746 1
0.8288332 205.7705 1
0.7341854 228.2931 1
0.5128083 329.2212 1
0.4074957 410.351 1
0.008913697 20930.85 1
490.8364 0.3423181 1
10.40212 16.03143 1
7.274677 23.08436 1
5.863679 28.46674 1
4.690093 35.63129 1
4.144699 40.73201 1
4.003649 41.93726 1
4.003649 41.93726 1
3.07207 55.05778 1
3.053888 55.2593 1
3.053888 55.2593 1
2.218488 75.53006 1
2.218488 75.53006 1
2.209242 76.73977 1
2.202254 77.03485 1
1.704937 97.82783 1
1.704937 97.82783 1
1.652338 101.0331 1
1.641821 102.4234 1
1.342957 124.3076 1
1.342957 124.3076 1
1.27528 131.061 1
1.146946 145.4682 1
0.9987721 168.6124 1
0.8576812 194.6746 1
0.8288332 205.7705 1
0.7341854 228.2931 1
0.5128083 329.2212 1
0.4074957 410.351 1
0.008913697 20930.85 1
490.8364 0.3423181 1
10.40212 16.03143 1
7.274677 23.08436 1
5.863679 28.46674 1
4.690093 35.63129 1
4.417814 38.36987 1
4.003649 41.93726 1
3.24984 51.55885 1
3.24984 51.55885 1
3.053888 55.2593 1
3.053888 55.2593 1
2.218488 75.53006 1
2.218488 75.53006 1
2.206272 76.1888 1
2.202254 77.03485 1
1.704937 97.82783 1
1.704937 97.82783 1
1.652338 101.0331 1
1.641821 102.4234 1
1.342957 124.3076 1
1.342957 124.3076 1
1.27528 131.061 1
1.146946 145.4682 1
0.9987721 168.6124 1
0.8576812 194.6746 1
0.8288332 205.7705 1
0.7341854 228.2931 1
0.5128083 329.2212 1
0.3789074 440.443 1
0.008913697 20930.85 1
490.8364 0.3423181 1
10.40212 16.03143 1
7.274677 23.08436 1
5.863679 28.46674 1
4.690093 35.63129 1
4.417814 38.36987 1
4.003649 41.93726 1
3.24984 51.55885 1
3.24984 51.55885 1
3.053888 55.2593 1
3.053888 55.2593 1
2.218256 75.53006 1
2.218256 75.53006 1
2.218256 75.53006 1
2.202254 77.03485 1
1.704937 97.82783 1
1.704937 97.82783 1
1.652338 101.0331 1
1.641821 102.4234 1
1.342957 124.3076 1
1.342957 124.3076 1
1.27528 131.061 1
1.146946 145.4682 1
1.055518 158.6957 1
0.8576812 194.6746 1
0.8288332 205.7705 1
0.7341854 228.2931 1
0.5128083 329.2212 1
0.3789074 440.443 1
0.008913697 20930.85 1
490.8364 0.3423181 1
10.40212 16.03143 1
7.274677 23.08436 1
5.863679 28.46674 1
4.71901 35.40739 1
4.417814 38.36987 1
4.003649 41.93726 1
3.24984 51.55885 1
3.24984 51.55885 1
3.053888 55.2593 1
3.053888 55.2593 1
2.218256 75.53006 1
2.218256 75.53006 1
2.179562 76.84245 1
2.179562 76.84245 1
1.704937 97.82783 1
1.704937 97.82783 1
1.652338 101.0331 1
1.641821 102.4234 1
1.342957 124.3076 1
1.342957 124.3076 1
1.27528 131.061 1
1.146946 145.4682 1
1.055518 158.6957 1
0.895438 188.4376 1
0.8288332 205.7705 1
0.7341854 228.2931 1
0.5128083 329.2212 1
0.3789074 440.443 1
0.008913697 20930.85 1
490.8364 0.3423181 1
10.40212 16.03143 1
7.274677 23.08436 1
5.863679 28.46674 1
4.71901 35.40739 1
4.417814 38.36987 1
4.003649 41.93726 1
3.24984 51.55885 1
3.24984 51.55885 1
3.053888 55.2593 1
3.053888 55.2593 1
2.218256 75.53006 1
2.218256 75.53006 1
2.20624 76.81006 1
2.122953 81.3185 1
2.122953 81.3185 1
1.704937 97.82783 1
1.652338 101.0331 1
1.641821 102.4234 1
1.342957 124.3076 1
1.342957 124.3076 1
1.27528 131.061 1
1.146946 145.4682 1
1.055518 158.6957 1
0.895438 188.4376 1
0.8288332 205.7705 1
0.7341854 228.2931 1
0.5128083 329.2212 1
0.3789074 440.443 1
0.008913697 20930.85 1
490.8364 0.3423181 1
10.40212 16.03143 1
7.274677 23.08436 1
5.863679 28.46674 1
4.71901 35.40739 1
4.391518 38.83552 1
4.003649 41.93726 1
3.26795 51.02182 1
3.24984 51.55885 1
3.053888 55.2593 1
3.053888 55.2593 1
2.218256 75.53006 1
2.218256 75.53006 1
2.20624 76.81006 1
2.122953 81.3185 1
2.122953 81.3185 1
1.704937 97.82783 1
1.652338 101.0331 1
1.641821 102.4234 1
1.342957 124.3076 1
1.340486 124.3632 1
1.27528 131.061 1
1.146946 145.4682 1
1.055518 158.6957 1
0.895438 188.4376 1
0.8288332 205.7705 1
0.7341854 228.2931 1
0.5128083 329.2212 1
0.3789074 440.443 1
0.008913697 20930.85 1
490.8364 0.3423181 1
10.40212 16.03143 1
7.274677 23.08436 1
5.863679 28.46674 1
4.71901 35.40739 1
4.391518 38.83552 1
4.003649 41.93726 1
3.26795 51.02182 1
3.24984 51.55885 1
3.053888 55.2593 1
2.506144 67.32913 1
2.506144 67.32913 1
2.506144 67.32913 1
2.20624 76.81006 1
2.122953 81.3185 1
2.016221 85.72118 1
1.704937 97.82783 1
1.652338 101.0331 1
1.641821 102.4234 1
1.342957 124.3076 1
1.340486 124.3632 1
1.27528 131.061 1
1.146946 145.4682 1
1.055518 158.6957 1
0.895438 188.4376 1
0.8288332 205.7705 1
0.7341854 228.2931 1
0.5128083 329.2212 1
0.3789074 440.443 1
0.008913697 20930.85 1
490.8364 0.3423181 1
10.40212 16.03143 1
7.274677 23.08436 1
5.863679 28.46674 1
4.71901 35.40739 1
4.391518 38.83552 1
4.003649 41.93726 1
3.26795 51.02182 1
3.24984 51.55885 1
3.053888 55.2593 1
2.506144 67.32913 1
2.506144 67.32913 1
2.506144 67.32913 1
2.20624 76.81006 1
2.122953 81.3185 1
2.016221 85.72118 1
1.704937 97.82783 1
1.652338 101.0331 1
1.641821 102.4234 1
1.342957 124.3076 1
1.340486 124.3632 1
1.27528 131.061 1
1.146946 145.4682 1
1.055518 158.6957 1
0.895438 188.4376 1
0.7957173 214.7075 1
0.7341854 228.2931 1
0.5251327 326.8671 1
0.3789074 440.443 1
0.008913697 20930.85 1
490.8364 0.3423181 1
10.40212 16.03143 1
7.274677 23.08436 1
5.863679 28.46674 1
4.71901 35.40739 1
4.391518 38.83552 1
4.003649 41.93726 1
3.26795 51.02182 1
3.24984 51.55885 1
3.053888 55.2593 1
2.506144 67.32913 1
2.506144 67.32913 1
2.506144 67.32913 1
2.20624 76.81006 1
2.122953 81.3185 1
2.016221 85.72118 1
1.704937 97.82783 1
1.652338 101.0331 1
1.641821 102.4234 1
1.342957 124.3076 1
1.340486 124.3632 1
1.27528 131.061 1
1.146946 145.4682 1
1.055518 158.6957 1
0.895438 188.4376 1
0.7957173 214.7075 1
0.7341854 228.2931 1
0.5251327 326.8671 1
0.3789074 440.443 1
0.008913697 20930.85 1
490.8364 0.3423181 1
10.40212 16.03143 1
7.274677 23.08436 1
5.863679 28.46674 1
4.71901 35.40739 1
4.391518 38.83552 1
4.003649 41.93726 1
3.69717 45.82745 1
3.24984 51.55885 1
3.053888 55.2593 1
2.705613 61.92397 1
2.506144 67.32913 1
2.506144 67.32913 1
2.20624 76.81006 1
2.122953 81.3185 1
2.016221 85.72118 1
1.704937 97.82783 1
1.652338 101.0331 1
1.641821 102.4234 1
1.342957 124.3076 1
1.340486 124.3632 1
1.27528 131.061 1
1.146946 145.4682 1
1.055518 158.6957 1
0.895438 188.4376 1
0.7957173 214.7075 1
0.7341854 228.2931 1
0.5251327 326.8671 1
0.3789074 440.443 1
0.008913697 20930.85 1
490.8364 0.3423181 1
10.40212 16.03143 1
7.274677 23.08436 1
5.863679 28.46674 1
4.71901 35.40739 1
4.391518 38.83552 1
4.003649 41.93726 1
3.69717 45.82745 1
3.24984 51.55885 1
3.053888 55.2593 1
2.705613 61.92397 1
2.506144 67.32913 1
2.506144 67.32913 1
2.20624 76.81006 1
2.109332 79.4549 1
2.016221 85.72118 1
1.704937 97.82783 1
1.652338 101.0331 1
1.641821 102.4234 1
1.342957 124.3076 1
1.340486 124.3632 1
1.27528 131.061 1
1.144469 145.7717 1
1.055518 158.6957 1
0.895438 188.4376 1
0.7957173 214.7075 1
0.7341854 228.2931 1
0.5251327 326.8671 1
0.3789074 440.443 1
0.008913697 20930.85 1
490.8364 0.3423181 1
10.40212 16.03143 1
7.274677 23.08436 1
5.863679 28.46674 1
4.71901 35.40739 1
3.545838 47.18783 1
3.545838 47.18783 1
3.163261 53.83352 1
3.009935 55.69074 1
3.009935 55.69074 1
2.705613 61.92397 1
2.506144 67.32913 1
2.506144 67.32913 1
2.20624 76.81006 1
1.709214 97.65344 1
1.709214 97.65344 1
1.641766 102.4234 1
1.641766 102.4234 1
1.641766 102.4234 1
1.342957 124.3076 1
1.340486 124.3632 1
1.27528 131.061 1
1.144469 145.7717 1
1.055518 158.6957 1
0.895438 188.4376 1
0.7957173 214.7075 1
0.7341854 228.2931 1
0.5251327 326.8671 1
0.3789074 440.443 1
0.008913697 20930.85 1
490.8364 0.3423181 1
10.40212 16.03143 1
7.274677 23.08436 1
5.863679 28.46674 1
4.71901 35.40739 1
4.237098 40.41202 1
3.555281 46.959 1
3.555281 46.959 1
3.009935 55.69074 1
2.950876 57.3133 1
2.705613 61.92397 1
2.506144 67.32913 1
2.506144 67.32913 1
2.20624 76.81006 1
1.709214 97.65344 1
1.709214 97.65344 1
1.641766 102.4234 1
1.641766 102.4234 1
1.641766 102.4234 1
1.342957 124.3076 1
1.340486 124.3632 1
1.27528 131.061 1
1.144469 145.7717 1
1.055518 158.6957 1
0.895438 188.4376 1
0.7957173 214.7075 1
0.7058057 239.1936 1
0.5251327 326.8671 1
0.3789074 440.443 1
0.008913697 20930.85 1
490.8364 0.3423181 1
10.40212 16.03143 1
7.274677 23.08436 1
5.863679 28.46674 1
4.71901 35.40739 1
4.440879 38.04159 1
3.555281 46.959 1
3.555281 46.959 1
3.009935 55.69074 1
2.950876 57.3133 1
2.705613 61.92397 1
2.506144 67.32913 1
2.506144 67.32913 1
2.20624 76.81006 1
1.709214 97.65344 1
1.709214 97.65344 1
1.641766 102.4234 1
1.641766 102.4234 1
1.641766 102.4234 1
1.342957 124.3076 1
1.340486 124.3632 1
1.27528 131.061 1
1.144469 145.7717 1
1.055518 158.6957 1
0.895438 188.4376 1
0.7957173 214.7075 1
0.7058057 239.1936 1
0.5251327 326.8671 1
0.3789074 440.443 1
0.008913697 20930.85 1
490.8364 0.3423181 1
10.40212 16.03143 1
7.274677 23.08436 1
5.863679 28.46674 1
4.71901 35.40739 1
4.440879 38.04159 1
3.555281 46.959 1
3.555281 46.959 1
3.139982 53.51955 1
2.950876 57.3133 1
2.705613 61.92397 1
2.506144 67.32913 1
2.506144 67.32913 1
2.20624 76.81006 1
2.034401 83.43535 1
2.034401 83.43535 1
1.641766 102.4234 1
1.641766 102.4234 1
1.641766 102.4234 1
1.342957 124.3076 1
1.340486 124.3632 1
1.27528 131.061 1
1.144469 145.7717 1
1.055518 158.6957 1
0.895438 188.4376 1
0.7957173 214.7075 1
0.7058057 239.1936 1
0.5251327 326.8671 1
0.3789074 440.443 1
0.008913697 20930.85 1
490.8364 0.3423181 1
10.40212 16.03143 1
7.274677 23.08436 1
5.863679 28.46674 1
4.71901 35.40739 1
4.440879 38.04159 1
3.555281 46.959 1
3.555281 46.959 1
3.139982 53.51955 1
2.950876 57.3133 1
2.705613 61.92397 1
2.506144 67.32913 1
2.506144 67.32913 1
2.20624 76.81006 1
2.027474 83.00395 1
2.027474 83.00395 1
1.641766 102.4234 1
1.641766 102.4234 1
1.641766 102.4234 1
1.342957 124.3076 1
1.340486 124.3632 1
1.27528 131.061 1
1.144469 145.7717 1
1.055518 158.6957 1
0.895438 188.4376 1
0.7957173 214.7075 1
0.6930686 240.6341 1
0.5251327 326.8671 1
0.3789074 440.443 1
0.008913697 20930.85 1
490.8364 0.3423181 1
10.40212 16.03143 1
7.274677 23.08436 1
5.863679 28.46674 1
4.71901 35.40739 1
4.440879 38.04159 1
3.555281 46.959 1
3.555281 46.959 1
3.139982 53.51955 1
2.950876 57.3133 1
2.705613 61.92397 1
2.506144 67.32913 1
2.399925 71.08627 1
2.20624 76.81006 1
2.027474 83.00395 1
2.027474 83.00395 1
1.641766 102.4234 1
1.62216 103.3816 1
1.62216 103.3816 1
1.342957 124.3076 1
1.340486 124.3632 1
1.27528 131.061 1
1.144469 145.7717 1
1.055518 158.6957 1
0.895438 188.4376 1
0.7957173 214.7075 1
0.6930686 240.6341 1
0.5251327 326.8671 1
0.3789074 440.443 1
0.008913697 20930.85 1
490.8364 0.3423181 1
10.40212 16.03143 1
7.274677 23.08436 1
5.863679 28.46674 1
4.71901 35.40739 1
4.440879 38.04159 1
3.555281 46.959 1
3.555281 46.959 1
3.139982 53.51955 1
2.950876 57.3133 1
2.705613 61.92397 1
2.556406 65.32604 1
2.399925 71.08627 1
2.20624 76.81006 1
2.027474 83.00395 1
2.027474 83.00395 1
1.641766 102.4234 1
1.62216 103.3816 1
1.62216 103.3816 1
1.342957 124.3076 1
1.340486 124.3632 1
1.27528 131.061 1
1.144469 145.7717 1
1.055518 158.6957 1
0.895438 188.4376 1
0.7957173 214.7075 1
0.6930686 240.6341 1
0.5251327 326.8671 1
0.3789074 440.443 1
0.008913697 20930.85 1
490.8364 0.3423181 1
10.40212 16.03143 1
7.274677 23.08436 1
5.863679 28.46674 1
5.002476 33.38068 1
4.437012 38.10623 1
3.555281 46.959 1
3.555281 46.959 1
3.139982 53.51955 1
2.950876 57.3133 1
2.705613 61.92397 1
2.556406 65.32604 1
2.399925 71.08627 1
2.20624 76.81006 1
2.027474 83.00395 1
2.027474 83.00395 1
1.641766 102.4234 1
1.62216 103.3816 1
1.62216 103.3816 1
1.342957 124.3076 1
1.340486 124.3632 1
1.27528 131.061 1
1.144469 145.7717 1
1.055518 158.6957 1
0.895438 188.4376 1
0.7957173 214.7075 1
0.6930686 240.6341 1
0.5658757 297.7738 1
0.3789074 440.443 1
0.008913697 20930.85 1
490.8364 0.3423181 1
10.40212 16.03143 1
7.274677 23.08436 1
5.863679 28.46674 1
5.002476 33.38068 1
4.437012 38.10623 1
3.555281 46.959 1
3.555281 46.959 1
3.139982 53.51955 1
2.950876 57.3133 1
2.705613 61.92397 1
2.52093 66.38566 1
2.399925 71.08627 1
2.20624 76.81006 1
2.027474 83.00395 1
2.027474 83.00395 1
1.641766 102.4234 1
1.62216 103.3816 1
1.62216 103.3816 1
1.372439 121.7896 1
1.340486 124.3632 1
1.27528 131.061 1
1.144469 145.7717 1
1.055518 158.6957 1
0.895438 188.4376 1
0.7957173 214.7075 1
0.6930686 240.6341 1
0.5658757 297.7738 1
0.3789074 440.443 1
0.008913697 20930.85 1
490.8364 0.3423181 1
10.40212 16.03143 1
7.274677 23.08436 1
5.863679 28.46674 1
5.002476 33.38068 1
4.437012 38.10623 1
3.555281 46.959 1
3.555281 46.959 1
3.139982 53.51955 1
2.955835 56.96523 1
2.705613 61.92397 1
2.52093 66.38566 1
2.399925 71.08627 1
2.20624 76.81006 1
2.027474 83.00395 1
2.027474 83.00395 1
1.641766 102.4234 1
1.62216 103.3816 1
1.62216 103.3816 1
1.372439 121.7896 1
1.340486 124.3632 1
1.27528 131.061 1
1.144469 145.7717 1
1.055518 158.6957 1
0.895438 188.4376 1
0.7957173 214.7075 1
0.6930686 240.6341 1
0.5658757 297.7738 1
0.3789074 440.443 1
0.008913697 20930.85 1
490.8364 0.3423181 1
10.40212 16.03143 1
7.274677 23.08436 1
5.863679 28.46674 1
5.002476 33.38068 1
4.437012 38.10623 1
3.555281 46.959 1
3.555281 46.959 1
3.139982 53.51955 1
2.955835 56.96523 1
2.705613 61.92397 1
2.52509 66.01511 1
2.399925 71.08627 1
2.20624 76.81006 1
2.027474 83.00395 1
2.027474 83.00395 1
1.641766 102.4234 1
1.62216 103.3816 1
1.62216 103.3816 1
1.372439 121.7896 1
1.340486 124.3632 1
1.228741 135.6756 1
1.144469 145.7717 1
1.054185 158.8406 1
0.895438 188.4376 1
0.7957173 214.7075 1
0.6930686 240.6341 1
0.5658757 297.7738 1
0.3789074 440.443 1
0.008913697 20930.85 1
490.8364 0.3423181 1
10.40212 16.03143 1
7.274677 23.08436 1
5.863679 28.46674 1
5.002476 33.38068 1
4.437012 38.10623 1
3.555281 46.959 1
3.555281 46.959 1
3.139982 53.51955 1
2.955835 56.96523 1
2.705613 61.92397 1
2.52509 66.01511 1
2.399925 71.08627 1
2.20624 76.81006 1
2.027474 83.00395 1
2.027474 83.00395 1
1.641766 102.4234 1
1.62216 103.3816 1
1.62216 103.3816 1
1.372439 121.7896 1
1.340486 124.3632 1
1.228741 135.6756 1
1.144469 145.7717 1
1.054185 158.8406 1
0.895438 188.4376 1
0.7957173 214.7075 1
0.6930686 240.6341 1
0.565654 297.9965 1
0.3789074 440.443 1
0.008913697 20930.85 1
490.8364 0.3423181 1
10.40212 16.03143 1
7.274677 23.08436 1
5.863679 28.46674 1
5.002476 33.38068 1
4.437012 38.10623 1
3.555281 46.959 1
3.555281 46.959 1
3.149911 53.20719 1
2.955835 56.96523 1
2.705613 61.92397 1
2.52509 66.01511 1
2.399925 71.08627 1
2.20624 76.81006 1
2.027474 83.00395 1
2.027474 83.00395 1
1.641766 102.4234 1
1.62216 103.3816 1
1.62216 103.3816 1
1.372439 121.7896 1
1.340486 124.3632 1
1.228741 135.6756 1
1.144469 145.7717 1
1.054185 158.8406 1
0.895438 188.4376 1
0.7957173 214.7075 1
0.6930686 240.6341 1
0.565654 297.9965 1
0.3789074 440.443 1
0.008913697 20930.85 1
490.8364 0.3423181 1
10.40212 16.03143 1
7.25041 23.02004 1
5.863679 28.46674 1
5.002476 33.38068 1
4.437012 38.10623 1
3.555281 46.959 1
3.555281 46.959 1
3.149911 53.20719 1
2.955835 56.96523 1
2.705613 61.92397 1
2.52509 66.01511 1
2.399925 71.08627 1
2.20624 76.81006 1
2.027474 83.00395 1
2.027474 83.00395 1
1.641766 102.4234 1
1.62216 103.3816 1
1.62216 103.3816 1
1.372439 121.7896 1
1.340486 124.3632 1
1.228741 135.6756 1
1.144469 145.7717 1
1.054185 158.8406 1
0.895438 188.4376 1
0.7957173 214.7075 1
0.6930686 240.6341 1
0.565654 297.9965 1
0.3789074 440.443 1
0.008913697 20930.85 1
490.8364 0.3423181 1
10.40212 16.03143 1
7.25041 23.02004 1
5.863679 28.46674 1
5.002476 33.38068 1
4.437012 38.10623 1
3.555281 46.959 1
3.555281 46.959 1
3.149911 53.20719 1
2.955835 56.96523 1
2.705613 61.92397 1
2.52509 66.01511 1
2.399925 71.08627 1
2.20624 76.81006 1
2.027474 83.00395 1
2.027474 83.00395 1
1.641766 102.4234 1
1.62216 103.3816 1
1.62216 103.3816 1
1.372439 121.7896 1
1.340486 124.3632 1
1.228741 135.6756 1
1.144469 145.7717 1
1.054185 158.8406 1
0.895438 188.4376 1
0.7957173 214.7075 1
0.6930686 240.6341 1
0.565654 297.9965 1
0.3789074 440.443 1
0.008913697 20930.85 1
490.8364 0.3423181 1
10.40212 16.03143 1
7.25041 23.02004 1
5.863679 28.46674 1
5.002476 33.38068 1
4.437012 38.10623 1
3.555281 46.959 1
3.555281 46.959 1
3.149911 53.20719 1
2.955835 56.96523 1
2.705613 61.92397 1
2.52509 66.01511 1
2.399925 71.08627 1
2.20624 76.81006 1
2.027474 83.00395 1
2.027474 83.00395 1
1.641766 102.4234 1
1.62216 103.3816 1
1.62216 103.3816 1
1.372439 121.7896 1
1.340486 124.3632 1
1.228741 135.6756 1
1.144469 145.7717 1
1.054185 158.8406 1
0.895438 188.4376 1
0.7957173 214.7075 1
0.6930686 240.6341 1
0.565654 297.9965 1
0.3789074 440.443 1
0.008913697 20930.85 1
490.8364 0.3423181 1
10.40212 16.03143 1
7.25041 23.02004 1
5.863679 28.46674 1
5.002476 33.38068 1
4.437012 38.10623 1
3.555281 46.959 1
3.555281 46.959 1
3.149911 53.20719 1
2.955835 56.96523 1
2.705613 61.92397 1
2.52509 66.01511 1
2.399925 71.08627 1
2.20624 76.81006 1
2.027474 83.00395 1
2.027474 83.00395 1
1.641766 102.4234 1
1.62216 103.3816 1
1.62216 103.3816 1
1.372439 121.7896 1
1.340486 124.3632 1
1.228741 135.6756 1
1.144469 145.7717 1
0.9756025 171.0532 1
0.895438 188.4376 1
0.7957173 214.7075 1
0.6930686 240.6341 1
0.565654 297.9965 1
0.3789074 440.443 1
0.008913697 20930.85 1
490.8364 0.3423181 1
10.40212 16.03143 1
7.25041 23.02004 1
5.863679 28.46674 1
5.002476 33.38068 1
4.437012 38.10623 1
3.555281 46.959 1
3.555281 46.959 1
3.149911 53.20719 1
2.955835 56.96523 1
2.705613 61.92397 1
2.52509 66.01511 1
2.399925 71.08627 1
2.20624 76.81006 1
2.027474 83.00395 1
2.027474 83.00395 1
1.641766 102.4234 1
1.62216 103.3816 1
1.62216 103.3816 1
1.372439 121.7896 1
1.340486 124.3632 1
1.228741 135.6756 1
1.144469 145.7717 1
0.9756025 171.0532 1
0.895438 188.4376 1
0.8183851 203.9496 1
0.6930686 240.6341 1
0.565654 297.9965 1
0.3789074 440.443 1
0.008913697 20930.85 1
490.8364 0.3423181 1
10.40212 16.03143 1
7.25041 23.02004 1
5.863679 28.46674 1
5.002476 33.38068 1
4.437012 38.10623 1
3.555281 46.959 1
3.555281 46.959 1
3.149911 53.20719 1
2.955835 56.96523 1
2.705613 61.92397 1
2.52509 66.01511 1
2.399925 71.08627 1
2.20624 76.81006 1
2.027474 83.00395 1
2.027474 83.00395 1
1.641766 102.4234 1
1.62216 103.3816 1
1.62216 103.3816 1
1.372439 121.7896 1
1.340486 124.3632 1
1.228741 135.6756 1
1.144469 145.7717 1
0.9756025 171.0532 1
0.895438 188.4376 1
0.8183851 203.9496 1
0.6930686 240.6341 1
0.565654 297.9965 1
0.3789074 440.443 1
0.008913697 20930.85 1
490.8364 0.3423181 1
10.40212 16.03143 1
7.25041 23.02004 1
5.863679 28.46674 1
5.002476 33.38068 1
4.437012 38.10623 1
3.555281 46.959 1
3.555281 46.959 1
3.149911 53.20719 1
2.955835 56.96523 1
2.705613 61.92397 1
2.52509 66.01511 1
2.399925 71.08627 1
2.20624 76.81006 1
2.027474 83.00395 1
2.027474 83.00395 1
1.641766 102.4234 1
1.62216 103.3816 1
1.62216 103.3816 1
1.372439 121.7896 1
1.340486 124.3632 1
1.228741 135.6756 1
1.144469 145.7717 1
0.9756025 171.0532 1
0.895438 188.4376 1
0.8183851 203.9496 1
0.6930686 240.6341 1
0.565654 297.9965 1
0.3789074 440.443 1
0.008913697 20930.85 1
490.8364 0.3423181 1
10.40212 16.03143 1
7.25041 23.02004 1
5.863679 28.46674 1
5.002476 33.38068 1
4.437012 38.10623 1
3.555281 46.959 1
3.555281 46.959 1
3.149911 53.20719 1
2.955835 56.96523 1
2.705613 61.92397 1
2.52509 66.01511 1
2.399925 71.08627 1
2.20624 76.81006 1
2.027474 83.00395 1
2.027474 83.00395 1
1.651294 100.9945 1
1.651294 100.9945 1
1.62216 103.3816 1
1.372439 121.7896 1
1.340486 124.3632 1
1.228741 135.6756 1
1.144469 145.7717 1
0.9756025 171.0532 1
0.895438 188.4376 1
0.8183851 203.9496 1
0.6930686 240.6341 1
0.565654 297.9965 1
0.3789074 440.443 1
0.008913697 20930.85 1
490.8364 0.3423181 1
10.40212 16.03143 1
7.25041 23.02004 1
5.863679 28.46674 1
5.002476 33.38068 1
4.437012 38.10623 1
3.555281 46.959 1
3.555281 46.959 1
3.149911 53.20719 1
2.955835 56.96523 1
2.705613 61.92397 1
2.52509 66.01511 1
2.399925 71.08627 1
2.20624 76.81006 1
2.027474 83.00395 1
2.027474 83.00395 1
1.651294 100.9945 1
1.651294 100.9945 1
1.62216 103.3816 1
1.372439 121.7896 1
1.340486 124.3632 1
1.228741 135.6756 1
1.144469 145.7717 1
0.9756025 171.0532 1
0.895438 188.4376 1
0.8183851 203.9496 1
0.6930686 240.6341 1
0.565654 297.9965 1
0.3789074 440.443 1
0.008913697 20930.85 1
490.8364 0.3423181 1
10.40212 16.03143 1
7.25041 23.02004 1
5.863679 28.46674 1
5.002476 33.38068 1
4.437012 38.10623 1
3.555281 46.959 1
3.555281 46.959 1
3.149911 53.20719 1
2.955835 56.96523 1
2.705613 61.92397 1
2.52509 66.01511 1
2.399925 71.08627 1
2.20624 76.81006 1
2.027474 83.00395 1
2.027474 83.00395 1
1.651294 100.9945 1
1.651294 100.9945 1
1.62216 103.3816 1
1.417708 118.0956 1
1.340486 124.3632 1
1.228741 135.6756 1
1.144469 145.7717 1
0.9756025 171.0532 1
0.895438 188.4376 1
0.8183851 203.9496 1
0.6930686 240.6341 1
0.5648275 295.9982 1
0.3789074 440.443 1
0.008913697 20930.85 1
490.8364 0.3423181 1
10.40212 16.03143 1
7.25041 23.02004 1
5.863679 28.46674 1
5.002476 33.38068 1
4.437012 38.10623 1
3.555281 46.959 1
3.555281 46.959 1
3.149911 53.20719 1
2.955835 56.96523 1
2.705613 61.92397 1
2.52509 66.01511 1
2.399925 71.08627 1
2.20624 76.81006 1
2.027474 83.00395 1
2.027474 83.00395 1
1.651294 100.9945 1
1.651294 100.9945 1
1.62216 103.3816 1
1.417708 118.0956 1
1.340486 124.3632 1
1.200858 143.9922 1
1.144469 145.7717 1
0.978992 170.5358 1
0.895438 188.4376 1
0.8183851 203.9496 1
0.6930686 240.6341 1
0.52225 319.3781 1
0.3789074 440.443 1
0.008913697 20930.85 1
490.8364 0.3423181 1
10.40212 16.03143 1
7.25041 23.02004 1
5.863679 28.46674 1
4.89319 34.08128 1
4.437012 38.10623 1
3.555281 46.959 1
3.520091 47.36092 1
3.149911 53.20719 1
2.955835 56.96523 1
2.705613 61.92397 1
2.52509 66.01511 1
2.399925 71.08627 1
2.20624 76.81006 1
2.027474 83.00395 1
2.027474 83.00395 1
1.651294 100.9945 1
1.651294 100.9945 1
1.62216 103.3816 1
1.417708 118.0956 1
1.340486 124.3632 1
1.200858 143.9922 1
1.144469 145.7717 1
1.039549 160.6506 1
0.895438 188.4376 1
0.8126993 205.338 1
0.6930686 240.6341 1
0.52225 319.3781 1
0.3789074 440.443 1
0.008913697 20930.85 1
490.8364 0.3423181 1
10.40212 16.03143 1
7.25041 23.02004 1
5.863679 28.46674 1
4.89319 34.08128 1
4.437012 38.10623 1
3.555281 46.959 1
3.520091 47.36092 1
3.149911 53.20719 1
2.955835 56.96523 1
2.705613 61.92397 1
2.52509 66.01511 1
2.399925 71.08627 1
2.20624 76.81006 1
2.027474 83.00395 1
2.027474 83.00395 1
1.651294 100.9945 1
1.651294 100.9945 1
1.62216 103.3816 1
1.417708 118.0956 1
1.340486 124.3632 1
1.224386 136.1958 1
1.144469 145.7717 1
1.039549 160.6506 1
0.895438 188.4376 1
0.8126993 205.338 1
0.6930686 240.6341 1
0.52225 319.3781 1
0.3789074 440.443 1
0.008913697 20930.85 1
490.8364 0.3423181 1
10.40212 16.03143 1
7.25041 23.02004 1
5.863679 28.46674 1
4.89319 34.08128 1
4.437012 38.10623 1
3.555281 46.959 1
3.520091 47.36092 1
3.149911 53.20719 1
2.955835 56.96523 1
2.705613 61.92397 1
2.52509 66.01511 1
2.399925 71.08627 1
2.20624 76.81006 1
2.027474 83.00395 1
2.027474 83.00395 1
1.717661 97.5553 1
1.651294 100.9945 1
1.62216 103.3816 1
1.417708 118.0956 1
1.340486 124.3632 1
1.224386 136.1958 1
1.144469 145.7717 1
1.039549 160.6506 1
0.895438 188.4376 1
0.8126993 205.338 1
0.6930686 240.6341 1
0.52225 319.3781 1
0.3789074 440.443 1
0.008913697 20930.85 1
490.8364 0.3423181 1
10.40212 16.03143 1
7.25041 23.02004 1
5.863679 28.46674 1
4.89319 34.08128 1
4.437012 38.10623 1
4.069961 41.16142 1
3.520091 47.36092 1
3.149911 53.20719 1
2.955835 56.96523 1
2.705613 61.92397 1
2.52509 66.01511 1
2.399925 71.08627 1
2.20624 76.81006 1
2.027474 83.00395 1
1.903806 87.56211 1
1.717661 97.5553 1
1.651294 100.9945 1
1.62216 103.3816 1
1.417708 118.0956 1
1.340486 124.3632 1
1.224386 136.1958 1
1.144469 145.7717 1
1.039549 160.6506 1
0.895438 188.4376 1
0.8126993 205.338 1
0.6930686 240.6341 1
0.52225 319.3781 1
0.3789074 440.443 1
0.008913697 20930.85 1
490.8364 0.3423181 1
10.40212 16.03143 1
7.25041 23.02004 1
5.863679 28.46674 1
4.89319 34.08128 1
4.437012 38.10623 1
4.069961 41.16142 1
3.520091 47.36092 1
3.149911 53.20719 1
2.955835 56.96523 1
2.705613 61.92397 1
2.52509 66.01511 1
2.399925 71.08627 1
2.20624 76.81006 1
2.027474 83.00395 1
1.903806 87.56211 1
1.717661 97.5553 1
1.651294 100.9945 1
1.62216 103.3816 1
1.417708 118.0956 1
1.340486 124.3632 1
1.224386 136.1958 1
1.144469 145.7717 1
1.039549 160.6506 1
0.895438 188.4376 1
0.8126993 205.338 1
0.6930686 240.6341 1
0.52225 319.3781 1
0.3789074 440.443 1
0.008913697 20930.85 1
490.8364 0.3423181 1
10.40212 16.03143 1
7.25041 23.02004 1
5.863679 28.46674 1
4.89319 34.08128 1
4.437012 38.10623 1
4.069961 41.16142 1
3.520091 47.36092 1
3.149911 53.20719 1
2.955835 56.96523 1
2.705613 61.92397 1
2.52509 66.01511 1
2.399925 71.08627 1
2.20624 76.81006 1
2.027474 83.00395 1
1.903806 87.56211 1
1.717661 97.5553 1
1.651294 100.9945 1
1.588069 105.1363 1
1.417708 118.0956 1
1.340486 124.3632 1
1.224386 136.1958 1
1.144469 145.7717 1
1.039549 160.6506 1
0.895438 188.4376 1
0.8126993 205.338 1
0.6930686 240.6341 1
0.52225 319.3781 1
0.3789074 440.443 1
0.008913697 20930.85 1
490.8364 0.3423181 1
10.40212 16.03143 1
7.25041 23.02004 1
5.863679 28.46674 1
4.89319 34.08128 1
4.437012 38.10623 1
4.069961 41.16142 1
3.520091 47.36092 1
3.149911 53.20719 1
2.955835 56.96523 1
2.705613 61.92397 1
2.52509 66.01511 1
2.399925 71.08627 1
2.20624 76.81006 1
2.027474 83.00395 1
1.903806 87.56211 1
1.717661 97.5553 1
1.651294 100.9945 1
1.548798 110.2132 1
1.417708 118.0956 1
1.340486 124.3632 1
1.224374 136.1956 1
1.144469 145.7717 1
1.039549 160.6506 1
0.895438 188.4376 1
0.8126993 205.338 1
0.6930686 240.6341 1
0.52225 319.3781 1
0.3789074 440.443 1
0.008913697 20930.85 1
490.8364 0.3423181 1
10.40212 16.03143 1
7.25041 23.02004 1
5.863679 28.46674 1
4.89319 34.08128 1
4.437012 38.10623 1
4.069961 41.16142 1
3.520091 47.36092 1
3.149911 53.20719 1
2.955835 56.96523 1
2.705613 61.92397 1
2.52509 66.01511 1
2.399923 71.08627 1
2.20624 76.81006 1
2.027474 83.00395 1
1.903806 87.56211 1
1.717661 97.5553 1
1.668048 99.98688 1
1.579251 106.6137 1
1.417708 118.0956 1
1.340486 124.3632 1
1.224374 136.1956 1
1.144469 145.7717 1
1.039549 160.6506 1
0.895438 188.4376 1
0.8126993 205.338 1
0.6930686 240.6341 1
0.52225 319.3781 1
0.3789074 440.443 1
0.008913697 20930.85 1
490.8364 0.3423181 1
10.40212 16.03143 1
7.25041 23.02004 1
5.863679 28.46674 1
4.89319 34.08128 1
4.437012 38.10623 1
4.069961 41.16142 1
3.520091 47.36092 1
3.149911 53.20719 1
2.955835 56.96523 1
2.705613 61.92397 1
2.52509 66.01511 1
2.399923 71.08627 1
2.20624 76.81006 1
2.027474 83.00395 1
1.903806 87.56211 1
1.717661 97.5553 1
1.668048 99.98688 1
1.579251 106.6137 1
1.417708 118.0956 1
1.340486 124.3632 1
1.224374 136.1956 1
1.144469 145.7717 1
1.039549 160.6506 1
0.895438 188.4376 1
0.8126993 205.338 1
0.6930686 240.6341 1
0.52225 319.3781 1
0.3789074 440.443 1
0.008913697 20930.85 1
490.8364 0.3423181 1
10.40212 16.03143 1
7.25041 23.02004 1
5.863679 28.46674 1
4.89319 34.08128 1
4.498739 37.13018 1
4.069961 41.16142 1
3.520091 47.36092 1
3.149911 53.20719 1
2.955835 56.96523 1
2.749905 61.25252 1
2.52509 66.01511 1
2.399923 71.08627 1
2.20624 76.81006 1
2.027474 83.00395 1
1.903806 87.56211 1
1.717661 97.5553 1
1.699847 99.37462 1
1.579251 106.6137 1
1.417708 118.0956 1
1.340486 124.3632 1
1.238005 135.0005 1
1.144469 145.7717 1
1.039549 160.6506 1
0.895438 188.4376 1
0.8126993 205.338 1
0.6930686 240.6341 1
0.52225 319.3781 1
0.3789074 440.443 1
0.008913697 20930.85 1
490.8364 0.3423181 1
10.40212 16.03143 1
7.25041 23.02004 1
5.863679 28.46674 1
4.89319 34.08128 1
4.498739 37.13018 1
4.069961 41.16142 1
3.520091 47.36092 1
3.149911 53.20719 1
2.955835 56.96523 1
2.749905 61.25252 1
2.52509 66.01511 1
2.437882 69.12978 1
2.20624 76.81006 1
2.027474 83.00395 1
1.903806 87.56211 1
1.885198 90.49839 1
1.699847 99.37462 1
1.579251 106.6137 1
1.417708 118.0956 1
1.340486 124.3632 1
1.238005 135.0005 1
1.144469 145.7717 1
1.039549 160.6506 1
0.895438 188.4376 1
0.8126993 205.338 1
0.6930686 240.6341 1
0.52225 319.3781 1
0.3789074 440.443 1
0.008913697 20930.85 1
490.8364 0.3423181 1
10.40212 16.03143 1
7.25041 23.02004 1
5.863679 28.46674 1
4.89319 34.08128 1
4.498739 37.13018 1
4.069961 41.16142 1
3.520091 47.36092 1
3.149911 53.20719 1
2.955835 56.96523 1
2.749905 61.25252 1
2.52509 66.01511 1
2.437882 69.12978 1
2.20624 76.81006 1
2.027474 83.00395 1
1.903806 87.56211 1
1.885198 90.49839 1
1.699847 99.37462 1
1.579251 106.6137 1
1.417708 118.0956 1
1.340476 124.3792 1
1.238005 135.0005 1
1.144469 145.7717 1
1.039549 160.6506 1
0.895438 188.4376 1
0.8126993 205.338 1
0.6930686 240.6341 1
0.5596276 297.9917 1
0.3789074 440.443 1
0.008913697 20930.85 1
