6.145484 0.000000 0.000000 
6.164164 0.000000 0.000000 
4.736033 0.000000 0.000000 
6.068568 0.000000 0.000000 
5.290088 0.000000 0.000000 
6.954435 0.000000 0.000000 
4.533442 0.000000 0.000000 
5.343017 0.000000 0.000000 
5.585862 0.000000 0.000000 
5.592093 0.000000 0.000000 
6.366333 0.000000 0.000000 
5.646895 0.000000 0.000000 
5.516342 0.000000 0.000000 
9.255923 0.000000 0.000000 
3.773624 0.000000 0.000000 
6.892422 0.000000 0.000000 
3.605509 0.000000 0.000000 
4.093111 0.000000 0.000000 
4.418527 0.000000 0.000000 
5.506808 0.000000 0.000000 
9.823190 0.000000 0.000000 
6.136915 0.000000 0.000000 
5.909046 0.000000 0.000000 
4.012218 0.000000 0.000000 
3.475760 0.000000 0.000000 
4.162991 0.000000 0.000000 
3.975571 0.000000 0.000000 
6.052458 0.000000 0.000000 
4.322053 0.000000 0.000000 
7.593827 0.000000 0.000000 
6.099265 0.000000 0.000000 
4.833378 0.000000 0.000000 
6.008050 0.000000 0.000000 
6.551026 0.000000 0.000000 
7.857727 0.000000 0.000000 
4.828218 0.000000 0.000000 
6.227404 0.000000 0.000000 
5.853573 0.000000 0.000000 
4.530456 0.000000 0.000000 
5.409143 0.000000 0.000000 
6.100295 0.000000 0.000000 
10.192374 0.000000 0.000000 
4.118179 0.000000 0.000000 
4.677418 0.000000 0.000000 
4.873475 0.000000 0.000000 
8.279552 0.000000 0.000000 
2.684033 0.000000 0.000000 
5.055151 0.000000 0.000000 
5.761525 0.000000 0.000000 
6.001818 0.000000 0.000000 
4.005624 0.000000 0.000000 
4.013373 0.000000 0.000000 
4.610321 0.000000 0.000000 
5.588437 0.000000 0.000000 
4.024464 0.000000 0.000000 
4.827068 0.000000 0.000000 
4.469699 0.000000 0.000000 
4.267279 0.000000 0.000000 
3.577973 0.000000 0.000000 
4.281265 0.000000 0.000000 
5.402525 0.000000 0.000000 
6.592422 0.000000 0.000000 
7.381782 0.000000 0.000000 
5.719073 0.000000 0.000000 
7.117057 0.000000 0.000000 
2.519438 0.000000 0.000000 
4.756693 0.000000 0.000000 
4.339185 0.000000 0.000000 
2.918176 0.000000 0.000000 
10.984494 0.000000 0.000000 
4.663168 0.000000 0.000000 
5.836774 0.000000 0.000000 
5.246282 0.000000 0.000000 
5.602211 0.000000 0.000000 
5.180323 0.000000 0.000000 
5.523377 0.000000 0.000000 
11.071021 0.000000 0.000000 
5.378224 0.000000 0.000000 
3.634374 0.000000 0.000000 
3.585779 0.000000 0.000000 
8.744810 0.000000 0.000000 
4.302860 0.000000 0.000000 
7.824069 0.000000 0.000000 
7.210054 0.000000 0.000000 
3.240841 0.000000 0.000000 
5.340637 0.000000 0.000000 
4.455133 0.000000 0.000000 
6.263099 0.000000 0.000000 
3.585288 0.000000 0.000000 
3.626379 0.000000 0.000000 
6.458154 0.000000 0.000000 
6.876517 0.000000 0.000000 
8.213429 0.000000 0.000000 
4.216419 0.000000 0.000000 
6.564958 0.000000 0.000000 
2.867568 0.000000 0.000000 
6.658921 0.000000 0.000000 
9.653519 0.000000 0.000000 
2.888199 0.000000 0.000000 
6.126251 0.000000 0.000000 
4.135198 0.000000 0.000000 
5.147044 0.000000 0.000000 
4.342980 0.000000 0.000000 
3.768180 0.000000 0.000000 
6.581371 0.000000 0.000000 
4.084621 0.000000 0.000000 
6.725049 0.000000 0.000000 
4.862561 0.000000 0.000000 
8.979038 0.000000 0.000000 
3.498955 0.000000 0.000000 
5.407017 0.000000 0.000000 
10.904566 0.000000 0.000000 
5.899258 0.000000 0.000000 
5.252795 0.000000 0.000000 
3.414723 0.000000 0.000000 
4.192886 0.000000 0.000000 
5.926253 0.000000 0.000000 
3.702469 0.000000 0.000000 
11.147568 0.000000 0.000000 
5.345340 0.000000 0.000000 
8.571702 0.000000 0.000000 
3.647871 0.000000 0.000000 
4.880971 0.000000 0.000000 
3.207661 0.000000 0.000000 
4.799260 0.000000 0.000000 
9.283109 0.000000 0.000000 
8.191956 0.000000 0.000000 
8.049065 0.000000 0.000000 
6.334046 0.000000 0.000000 
5.758509 0.000000 0.000000 
5.913169 0.000000 0.000000 
7.137294 0.000000 0.000000 
9.943629 0.000000 0.000000 
6.311233 0.000000 0.000000 
5.702306 0.000000 0.000000 
5.023860 0.000000 0.000000 
7.560697 0.000000 0.000000 
3.676528 0.000000 0.000000 
5.197870 0.000000 0.000000 
8.492727 0.000000 0.000000 
4.091900 0.000000 0.000000 
7.028429 0.000000 0.000000 
4.002386 0.000000 0.000000 
4.572438 0.000000 0.000000 
4.165479 0.000000 0.000000 
5.721686 0.000000 0.000000 
10.511689 0.000000 0.000000 
5.650155 0.000000 0.000000 
4.933229 0.000000 0.000000 
5.592736 0.000000 0.000000 
6.820687 0.000000 0.000000 
5.589779 0.000000 0.000000 
5.415847 0.000000 0.000000 
8.727063 0.000000 0.000000 
5.398921 0.000000 0.000000 
5.918632 0.000000 0.000000 
3.974021 0.000000 0.000000 
6.612417 0.000000 0.000000 
5.522061 0.000000 0.000000 
7.299600 0.000000 0.000000 
4.698617 0.000000 0.000000 
3.765375 0.000000 0.000000 
3.446827 0.000000 0.000000 
4.235544 0.000000 0.000000 
4.026864 0.000000 0.000000 
3.468326 0.000000 0.000000 
3.674361 0.000000 0.000000 
10.458617 0.000000 0.000000 
4.339245 0.000000 0.000000 
6.421790 0.000000 0.000000 
6.170117 0.000000 0.000000 
6.343527 0.000000 0.000000 
4.113036 0.000000 0.000000 
4.635296 0.000000 0.000000 
8.812622 0.000000 0.000000 
7.289866 0.000000 0.000000 
5.270233 0.000000 0.000000 
5.166222 0.000000 0.000000 
8.762589 0.000000 0.000000 
5.208082 0.000000 0.000000 
4.237909 0.000000 0.000000 
4.372980 0.000000 0.000000 
4.762769 0.000000 0.000000 
6.973912 0.000000 0.000000 
3.978863 0.000000 0.000000 
4.807793 0.000000 0.000000 
5.382300 0.000000 0.000000 
7.052168 0.000000 0.000000 
5.397419 0.000000 0.000000 
4.703425 0.000000 0.000000 
5.590910 0.000000 0.000000 
5.245249 0.000000 0.000000 
4.141020 0.000000 0.000000 
3.552960 0.000000 0.000000 
4.559516 0.000000 0.000000 
10.104042 0.000000 0.000000 
6.214513 0.000000 0.000000 
3.969395 0.000000 0.000000 
6.107897 0.000000 0.000000 
4.311674 0.000000 0.000000 
3.259828 0.000000 0.000000 
4.376730 0.000000 0.000000 
8.443056 0.000000 0.000000 
4.641259 0.000000 0.000000 
7.308836 0.000000 0.000000 
4.592500 0.000000 0.000000 
5.752816 0.000000 0.000000 
5.612273 0.000000 0.000000 
7.256682 0.000000 0.000000 
9.586655 0.000000 0.000000 
6.581898 0.000000 0.000000 
5.761218 0.000000 0.000000 
6.265402 0.000000 0.000000 
8.034004 0.000000 0.000000 
3.385533 0.000000 0.000000 
4.320903 0.000000 0.000000 
4.552549 0.000000 0.000000 
6.682313 0.000000 0.000000 
8.282610 0.000000 0.000000 
5.841295 0.000000 0.000000 
7.568895 0.000000 0.000000 
4.727700 0.000000 0.000000 
3.142680 0.000000 0.000000 
10.365756 0.000000 0.000000 
6.138335 0.000000 0.000000 
5.784953 0.000000 0.000000 
2.937658 0.000000 0.000000 
6.946887 0.000000 0.000000 
2.821911 0.000000 0.000000 
4.200807 0.000000 0.000000 
5.009510 0.000000 0.000000 
5.216151 0.000000 0.000000 
6.822898 0.000000 0.000000 
6.440993 0.000000 0.000000 
4.773842 0.000000 0.000000 
4.639166 0.000000 0.000000 
4.256047 0.000000 0.000000 
11.199033 0.000000 0.000000 
4.311800 0.000000 0.000000 
7.707515 0.000000 0.000000 
6.349728 0.000000 0.000000 
7.314056 0.000000 0.000000 
3.203246 0.000000 0.000000 
4.265330 0.000000 0.000000 
8.001530 0.000000 0.000000 
4.238997 0.000000 0.000000 
4.035018 0.000000 0.000000 
4.618516 0.000000 0.000000 
5.690079 0.000000 0.000000 
3.966069 0.000000 0.000000 
2.880551 0.000000 0.000000 
5.544824 0.000000 0.000000 
6.136745 0.000000 0.000000 
5.494463 0.000000 0.000000 
3.431884 0.000000 0.000000 
6.548760 0.000000 0.000000 
3.351504 0.000000 0.000000 
4.772606 0.000000 0.000000 
7.625888 0.000000 0.000000 
5.105431 0.000000 0.000000 
6.400414 0.000000 0.000000 
4.944920 0.000000 0.000000 
6.172805 0.000000 0.000000 
3.376038 0.000000 0.000000 
4.306081 0.000000 0.000000 
4.460927 0.000000 0.000000 
5.916040 0.000000 0.000000 
5.905572 0.000000 0.000000 
3.868579 0.000000 0.000000 
7.293981 0.000000 0.000000 
6.317691 0.000000 0.000000 
4.033441 0.000000 0.000000 
11.230533 0.000000 0.000000 
4.469037 0.000000 0.000000 
6.825245 0.000000 0.000000 
3.595330 0.000000 0.000000 
4.775614 0.000000 0.000000 
5.673085 0.000000 0.000000 
3.922398 0.000000 0.000000 
6.495104 0.000000 0.000000 
6.019754 0.000000 0.000000 
3.432494 0.000000 0.000000 
6.361898 0.000000 0.000000 
3.478275 0.000000 0.000000 
4.114445 0.000000 0.000000 
2.968700 0.000000 0.000000 
6.265774 0.000000 0.000000 
7.377913 0.000000 0.000000 
6.101108 0.000000 0.000000 
6.387535 0.000000 0.000000 
5.798069 0.000000 0.000000 
4.840617 0.000000 0.000000 
5.864600 0.000000 0.000000 
8.427433 0.000000 0.000000 
6.152047 0.000000 0.000000 
7.396200 0.000000 0.000000 
6.080534 0.000000 0.000000 
5.481698 0.000000 0.000000 
3.336845 0.000000 0.000000 
5.505479 0.000000 0.000000 
5.828591 0.000000 0.000000 
8.156420 0.000000 0.000000 
6.344929 0.000000 0.000000 
6.880751 0.000000 0.000000 
5.933654 0.000000 0.000000 
3.180945 0.000000 0.000000 
6.083574 0.000000 0.000000 
5.077488 0.000000 0.000000 
2.667207 0.000000 0.000000 
7.766614 0.000000 0.000000 
4.115813 0.000000 0.000000 
5.702290 0.000000 0.000000 
5.197616 0.000000 0.000000 
6.607417 0.000000 0.000000 
9.299754 0.000000 0.000000 
5.993050 0.000000 0.000000 
6.617138 0.000000 0.000000 
