6.245484 69.624357 
6.264164 111.091920 
4.836033 125.455790 
6.168568 62.754157 
5.390088 62.663867 
7.054435 81.175536 
4.633442 143.939027 
5.443017 73.388012 
5.685862 118.473251 
5.692093 105.682804 
6.466333 49.557877 
5.746895 78.256821 
5.616342 90.988417 
9.355923 41.210102 
3.873624 184.739174 
6.992422 159.999394 
3.705509 309.175606 
4.193111 66.375946 
4.518527 131.641480 
5.606808 123.871515 
9.923190 47.776993 
6.236915 74.541806 
6.009046 105.302499 
4.112218 132.986413 
3.575760 118.324196 
4.262991 94.633623 
4.075571 132.961408 
6.152458 126.417167 
4.422053 122.636804 
7.693827 67.302510 
6.199265 103.005542 
4.933378 65.400897 
6.108050 68.372258 
6.651026 67.801151 
7.957727 46.506519 
4.928218 93.547777 
6.327404 168.879636 
5.953573 62.260741 
4.630456 85.577130 
5.509143 91.231523 
6.200295 107.484157 
10.292374 32.095219 
4.218179 77.779096 
4.777418 131.557607 
4.973475 102.469463 
8.379552 34.192322 
2.784033 133.766669 
5.155151 158.147378 
5.861525 82.088884 
6.101818 93.432314 
4.105624 225.172483 
4.113373 210.447285 
4.710321 98.210299 
5.688437 53.801064 
4.124464 152.060929 
4.927068 89.579434 
4.569699 93.909726 
4.367279 115.761025 
3.677973 183.478642 
4.381265 100.793176 
5.502525 59.775467 
6.692422 63.722200 
7.481782 49.114763 
5.819073 103.134847 
7.217057 77.084277 
2.619438 251.315239 
4.856693 104.561539 
4.439185 96.312441 
3.018176 145.669187 
11.084494 48.190976 
4.763168 132.735814 
5.936774 102.589241 
5.346282 107.491099 
5.702211 51.389261 
5.280323 77.803714 
5.623377 85.503054 
11.171021 35.779581 
5.478224 118.996494 
3.734374 190.279031 
3.685779 132.212558 
8.844810 29.515106 
4.402860 140.093302 
7.924069 44.689890 
7.310054 94.172993 
3.340841 171.388789 
5.440637 114.874684 
4.555133 101.109552 
6.363099 39.419548 
3.685288 117.290415 
3.726379 259.232764 
6.558154 60.289735 
6.976517 81.109106 
8.313429 59.158638 
4.316419 144.816026 
6.664958 44.792711 
2.967568 154.456832 
6.758921 64.227253 
9.753519 59.627057 
2.988199 262.646159 
6.226251 122.956780 
4.235198 107.725059 
5.247044 49.506590 
4.442980 171.900505 
3.868180 117.984514 
6.681371 57.161913 
4.184621 103.355001 
6.825049 120.388074 
4.962561 153.148183 
9.079038 29.247638 
3.598955 183.384137 
5.507017 122.034707 
11.004566 33.578001 
5.999258 57.365905 
5.352795 161.963782 
3.514723 208.751787 
4.292886 73.427013 
6.026253 79.585058 
3.802469 110.997483 
11.247568 34.095631 
5.445340 81.961997 
8.671702 62.940309 
3.747871 211.293836 
4.980971 72.748384 
3.307661 219.632099 
4.899260 85.136405 
9.383109 90.586344 
8.291956 42.701360 
8.149065 132.400001 
6.434046 82.567668 
5.858509 51.315522 
6.013169 58.795206 
7.237294 49.950340 
10.043629 36.164226 
6.411233 66.040761 
5.802306 112.911881 
5.123860 98.320726 
7.660697 37.640869 
3.776528 155.385580 
5.297870 83.835694 
8.592727 107.354257 
4.191900 84.427324 
7.128429 93.173722 
4.102386 108.908333 
4.672438 71.099969 
4.265479 108.040235 
5.821686 61.735533 
10.611689 44.248928 
5.750155 62.624356 
5.033229 224.235499 
5.692736 136.238069 
6.920687 42.712629 
5.689779 101.095535 
5.515847 140.919526 
8.827063 54.223561 
5.498921 72.550501 
6.018632 112.717508 
4.074021 151.050472 
6.712417 52.893348 
5.622061 61.594042 
7.399600 44.571652 
4.798617 98.311117 
3.865375 110.335845 
3.546827 219.218549 
4.335544 124.633837 
4.126864 105.727335 
3.568326 135.391954 
3.774361 138.514695 
10.558617 39.217723 
4.439245 111.601084 
6.521790 100.352866 
6.270117 55.766764 
6.443527 52.235777 
4.213036 108.149625 
4.735296 72.281130 
8.912622 56.839313 
7.389866 61.603253 
5.370233 130.009657 
5.266222 86.546698 
8.862589 35.149152 
5.308082 128.554474 
4.337909 119.066473 
4.472980 101.302816 
4.862769 87.427598 
7.073912 85.141193 
4.078863 238.385992 
4.907793 92.527566 
5.482300 78.614796 
7.152168 83.443739 
5.497419 67.047255 
4.803425 83.995633 
5.690910 199.807272 
5.345249 101.490892 
4.241020 67.949468 
3.652960 227.099338 
4.659516 113.902823 
10.204042 32.123608 
6.314513 102.658159 
4.069395 146.316918 
6.207897 75.203333 
4.411674 88.812448 
3.359828 207.613670 
4.476730 126.970261 
8.543056 89.029519 
4.741259 150.669556 
7.408836 70.834273 
4.692500 151.934415 
5.852816 78.996766 
5.712273 117.271177 
7.356682 62.282223 
9.686655 36.953213 
6.681898 43.646220 
5.861218 151.179701 
6.365402 66.282484 
8.134004 32.547746 
3.485533 251.692821 
4.420903 99.708966 
4.652549 165.011271 
6.782313 43.718484 
8.382610 79.279235 
5.941295 53.177061 
7.668895 33.716106 
4.827700 130.375490 
3.242680 191.610572 
10.465756 54.795754 
6.238335 69.431557 
5.884953 99.502105 
3.037658 161.446528 
7.046887 35.042531 
2.921911 294.368210 
4.300807 124.641778 
5.109510 142.593436 
5.316151 98.216428 
6.922898 165.990999 
6.540993 65.761972 
4.873842 86.158219 
4.739166 128.458978 
4.356047 110.607829 
11.299033 35.883532 
4.411800 75.956512 
7.807515 57.585961 
6.449728 105.465001 
7.414056 46.666060 
3.303246 129.952318 
4.365330 153.196657 
8.101530 47.428670 
4.338997 119.945659 
4.135018 180.022218 
4.718516 77.448586 
5.790079 76.281642 
4.066069 135.967659 
2.980551 196.377130 
5.644824 107.751519 
6.236745 57.319132 
5.594463 117.670841 
3.531884 257.339622 
6.648760 36.601241 
3.451504 199.891631 
4.872606 94.779099 
7.725888 59.310428 
5.205431 125.436147 
6.500414 66.214307 
5.044920 71.843902 
6.272805 55.465109 
3.476038 103.585913 
4.406081 171.526221 
4.560927 198.260875 
6.016040 133.139153 
6.005572 151.042788 
3.968579 200.184074 
7.393981 55.081172 
6.417691 59.219239 
4.133441 121.068348 
11.330533 30.765567 
4.569037 153.430276 
6.925245 98.755472 
3.695330 123.189757 
4.875614 92.579022 
5.773085 61.040461 
4.022398 113.249034 
6.595104 91.689530 
6.119754 74.436527 
3.532494 226.378079 
6.461898 55.042417 
3.578275 162.931236 
4.214445 113.497859 
3.068700 127.044553 
6.365774 79.297237 
7.477913 50.947126 
6.201108 121.287439 
6.487535 69.811672 
5.898069 64.346922 
4.940617 82.415212 
5.964600 106.335425 
8.527433 55.281200 
6.252047 87.660835 
7.496200 78.387608 
6.180534 70.998553 
5.581698 57.105516 
3.436845 146.243845 
5.605479 75.709584 
5.928591 67.754095 
8.256420 41.659904 
6.444929 129.905055 
6.980751 66.808091 
6.033654 63.750215 
3.280945 173.142022 
6.183574 72.500159 
5.177488 163.651566 
2.767207 240.160363 
7.866614 73.989351 
4.215813 90.053757 
5.802290 68.084494 
5.297616 67.406415 
6.707417 75.402230 
9.399754 93.511922 
6.093050 103.332465 
6.717138 65.904743 
