0.9, 0.95, 1.0, 1.2, 1.4, 1.5
0.3, 0.35, 0.4, 0.45, 0.5, 0.55, 0.6, 0.65, 0.7, 0.75, 0.8, 0.85, 0.9, 0.95
1.1, 1.2, 1.4, 1.6, 1.8, 2.0, 2.1
0.35, 0.4, 0.45, 0.5, 0.55, 0.6, 0.65, 0.7, 0.75, 0.8, 0.85, 0.9, 0.95, 1.0
1.5, 1.6, 1.8, 2.0, 2.2, 2.3
0.5, 0.55, 0.6, 0.65, 0.7, 0.75, 0.8, 0.85, 0.9, 0.95, 1.0, 1.2, 1.4, 1.6, 1.8, 2.0, 2.1
1.3, 1.4, 1.6, 1.8, 2.0, 2.1
1.7, 1.8, 2.0, 2.2, 2.3
1.1, 1.2, 1.4, 1.6, 1.7
0.7, 0.75, 0.8, 0.85, 0.9, 0.95, 1.0, 1.2, 1.4, 1.5
1.7, 1.8, 2.0, 2.2, 2.3, 2.4, 2.6
0.5, 0.55, 0.6, 0.65, 0.7, 0.75, 0.8, 0.85, 0.9, 0.95, 1.0, 1.2, 1.3
1.1, 1.2, 1.4, 1.6, 1.7
1.3, 1.4, 1.6, 1.8, 1.9
1.1, 1.2, 1.4, 1.6, 1.7
1.3, 1.4, 1.6, 1.8, 1.9
0.9, 0.95, 1.0, 1.2, 1.4, 1.6, 1.8, 2.0, 2.1
1.1, 1.2, 1.4, 1.6, 1.8, 1.9
1.5, 1.6, 1.8, 2.0, 2.2, 2.3
0.9, 0.95, 1.0, 1.2, 1.4, 1.5
0.9, 0.95, 1.0, 1.2, 1.4, 1.5
0.5, 0.55, 0.6, 0.65, 0.7, 0.75, 0.8, 0.85, 0.9, 0.95, 1.0, 1.1
0.5, 0.55, 0.6, 0.65, 0.7, 0.75, 0.8, 0.85, 0.9, 0.95, 1.0, 1.2
0.9, 0.95, 1.0, 1.2, 1.4, 1.6, 1.8, 2.0, 2.1
0.3, 0.35, 0.4, 0.45, 0.5, 0.55, 0.6, 0.65, 0.7, 0.75, 0.8, 0.85, 0.9
0.4, 0.45, 0.5, 0.55, 0.6, 0.65, 0.7, 0.75, 0.8, 0.85, 0.9, 0.95, 1.0
1.3, 1.4, 1.6, 1.8, 1.9
0.6, 0.65, 0.7, 0.75, 0.8, 0.85, 0.9, 0.95, 1.0, 1.2, 1.3
0.6, 0.65, 0.7, 0.75, 0.8, 0.85, 0.9, 0.95, 1.0, 1.2
0.4, 0.45, 0.5, 0.55, 0.6, 0.65, 0.7, 0.75, 0.8, 0.85, 0.9, 0.95, 1.0, 1.2, 1.4, 1.6, 1.7
0.9, 0.95, 1.0, 1.2, 1.4, 1.6, 1.8, 1.9
0.6, 0.65, 0.7, 0.75, 0.8, 0.85, 0.9, 0.95, 1.0, 1.2, 1.3
0.9, 0.95, 1.0, 1.2, 1.4, 1.6, 1.7
0.7, 0.75, 0.8, 0.85, 0.9, 0.95, 1.0, 1.2, 1.3
0.4, 0.45, 0.5, 0.55, 0.6, 0.65, 0.7, 0.75, 0.8, 0.85, 0.9, 0.95, 1.0, 1.2, 1.4, 1.6, 1.8, 1.9
1.5, 1.6, 1.8, 2.0, 2.2, 2.3
0.6, 0.65, 0.7, 0.75, 0.8, 0.85, 0.9, 0.95, 1.0, 1.2
0.3, 0.35, 0.4, 0.45, 0.5, 0.55, 0.6, 0.65, 0.7, 0.75, 0.8, 0.85, 0.9
0.3, 0.35, 0.4, 0.45, 0.5, 0.55, 0.6, 0.65, 0.7, 0.75, 0.8, 0.85, 0.9
0.6, 0.65, 0.7, 0.75, 0.8, 0.85, 0.9, 0.95, 1.0, 1.2
1.7, 1.8, 2.0, 2.2, 2.3
0.9, 0.95, 1.0, 1.2, 1.4, 1.6, 1.7
0.5, 0.55, 0.6, 0.65, 0.7, 0.75, 0.8, 0.85, 0.9, 0.95, 1.0, 1.1
1.3, 1.4, 1.6, 1.8, 1.9
0.7, 0.75, 0.8, 0.85, 0.9, 0.95, 1.0, 1.2, 1.4, 1.6, 1.7
0.7, 0.75, 0.8, 0.85, 0.9, 0.95, 1.0, 1.2, 1.4, 1.6, 1.8, 2.0, 2.1
0.9, 0.95, 1.0, 1.2, 1.4, 1.6, 1.8, 2.0, 2.1
1.3, 1.4, 1.6, 1.8, 2.0, 2.1
1.1, 1.2, 1.4, 1.6, 1.8, 1.9
1.3, 1.4, 1.6, 1.8, 2.0, 2.1
2.0, 2.2, 2.3, 2.4, 2.6
1.7, 1.8, 2.0, 2.2, 2.3
1.1, 1.2, 1.4, 1.6, 1.7
0.9, 0.95, 1.0, 1.2, 1.4, 1.6, 1.8, 2.0, 2.1
0.3, 0.35, 0.4, 0.45, 0.5, 0.55, 0.6, 0.65, 0.7, 0.75, 0.8, 0.85, 0.9
0.6, 0.65, 0.7, 0.75, 0.8, 0.85, 0.9, 0.95, 1.0, 1.2, 1.3
0.9, 0.95, 1.0, 1.2, 1.4, 1.6, 1.7
1.1, 1.2, 1.4, 1.6, 1.8, 1.9
1.3, 1.4, 1.6, 1.8, 1.9
0.3, 0.35, 0.4, 0.45, 0.5, 0.55, 0.6, 0.65, 0.7, 0.75, 0.8, 0.85, 0.9, 0.95, 1.0, 1.2, 1.3
0.3, 0.35, 0.4, 0.45, 0.5, 0.55, 0.6, 0.65, 0.7, 0.75, 0.8, 0.85, 0.9, 0.95, 1.0, 1.1
1.3, 1.4, 1.6, 1.8, 1.9
0.9, 0.95, 1.0, 1.2, 1.4, 1.5
1.1, 1.2, 1.4, 1.6, 1.7
0.7, 0.75, 0.8, 0.85, 0.9, 0.95, 1.0, 1.2, 1.4, 1.6, 1.8, 2.0
1.7, 1.8, 2.0, 2.2, 2.3
1.1, 1.2, 1.4, 1.6, 1.7
0.9, 0.95, 1.0, 1.2, 1.4, 1.6, 1.7
0.7, 0.75, 0.8, 0.85, 0.9, 0.95, 1.0, 1.2, 1.4, 1.6, 1.8, 2.0, 2.1
1.1, 1.2, 1.4, 1.6, 1.8, 1.9
0.9, 0.95, 1.0, 1.2, 1.4, 1.6, 1.7
1.7, 1.8, 2.0, 2.2, 2.3
2.0, 2.2, 2.3, 2.4, 2.6
0.5, 0.55, 0.6, 0.65, 0.7, 0.75, 0.8, 0.85, 0.9, 0.95, 1.0, 1.2, 1.3
0.9, 0.95, 1.0, 1.2, 1.4, 1.5
0.3, 0.35, 0.4, 0.45, 0.5, 0.55, 0.6, 0.65, 0.7, 0.75, 0.8, 0.85, 0.9, 0.95
1.1, 1.2, 1.4, 1.6, 1.8, 2.0, 2.1
0.35, 0.4, 0.45, 0.5, 0.55, 0.6, 0.65, 0.7, 0.75, 0.8, 0.85, 0.9, 0.95, 1.0
1.5, 1.6, 1.8, 2.0, 2.2, 2.3
0.5, 0.55, 0.6, 0.65, 0.7, 0.75, 0.8, 0.85, 0.9, 0.95, 1.0, 1.2, 1.4, 1.6, 1.8, 2.0, 2.1
1.3, 1.4, 1.6, 1.8, 2.0, 2.1
1.7, 1.8, 2.0, 2.2, 2.3
1.1, 1.2, 1.4, 1.6, 1.7
0.7, 0.75, 0.8, 0.85, 0.9, 0.95, 1.0, 1.2, 1.4, 1.5
1.7, 1.8, 2.0, 2.2, 2.4, 2.6
0.5, 0.55, 0.6, 0.65, 0.7, 0.75, 0.8, 0.85, 0.9, 0.95, 1.0, 1.2, 1.3
1.1, 1.2, 1.4, 1.6, 1.7
1.3, 1.4, 1.6, 1.8, 1.9
1.1, 1.2, 1.4, 1.6, 1.7
1.3, 1.4, 1.6, 1.8, 1.9
0.9, 0.95, 1.0, 1.2, 1.4, 1.6, 1.8, 2.0, 2.1
1.1, 1.2, 1.4, 1.6, 1.8, 1.9
1.5, 1.6, 1.8, 2.0, 2.2, 2.3
0.9, 0.95, 1.0, 1.2, 1.4, 1.5
0.9, 0.95, 1.0, 1.2, 1.4, 1.5
0.5, 0.55, 0.6, 0.65, 0.7, 0.75, 0.8, 0.85, 0.9, 0.95, 1.0, 1.1
0.5, 0.55, 0.6, 0.65, 0.7, 0.75, 0.8, 0.85, 0.9, 0.95, 1.0, 1.2
0.9, 0.95, 1.0, 1.2, 1.4, 1.6, 1.8, 2.0, 2.1
0.3, 0.35, 0.4, 0.45, 0.5, 0.55, 0.6, 0.65, 0.7, 0.75, 0.8, 0.85, 0.9
0.4, 0.45, 0.5, 0.55, 0.6, 0.65, 0.7, 0.75, 0.8, 0.85, 0.9, 0.95, 1.0
1.3, 1.4, 1.6, 1.8, 1.9
0.6, 0.65, 0.7, 0.75, 0.8, 0.85, 0.9, 0.95, 1.0, 1.2, 1.3
0.6, 0.65, 0.7, 0.75, 0.8, 0.85, 0.9, 0.95, 1.0, 1.2
0.4, 0.45, 0.5, 0.55, 0.6, 0.65, 0.7, 0.75, 0.8, 0.85, 0.9, 0.95, 1.0, 1.2, 1.4, 1.6, 1.7
0.9, 0.95, 1.0, 1.2, 1.4, 1.6, 1.8, 1.9
0.6, 0.65, 0.7, 0.75, 0.8, 0.85, 0.9, 0.95, 1.0, 1.2, 1.3
0.9, 0.95, 1.0, 1.2, 1.4, 1.6, 1.7
0.7, 0.75, 0.8, 0.85, 0.9, 0.95, 1.0, 1.2, 1.3
0.4, 0.45, 0.5, 0.55, 0.6, 0.65, 0.7, 0.75, 0.8, 0.85, 0.9, 0.95, 1.0, 1.2, 1.4, 1.6, 1.8, 1.9
1.5, 1.6, 1.8, 2.0, 2.2, 2.3
0.6, 0.65, 0.7, 0.75, 0.8, 0.85, 0.9, 0.95, 1.0, 1.2
0.3, 0.35, 0.4, 0.45, 0.5, 0.55, 0.6, 0.65, 0.7, 0.75, 0.8, 0.85, 0.9
0.3, 0.35, 0.4, 0.45, 0.5, 0.55, 0.6, 0.65, 0.7, 0.75, 0.8, 0.85, 0.9
0.6, 0.65, 0.7, 0.75, 0.8, 0.85, 0.9, 0.95, 1.0, 1.2
1.7, 1.8, 2.0, 2.2, 2.3
0.9, 0.95, 1.0, 1.2, 1.4, 1.6, 1.7
0.5, 0.55, 0.6, 0.65, 0.7, 0.75, 0.8, 0.85, 0.9, 0.95, 1.0, 1.1
1.3, 1.4, 1.6, 1.8, 1.9
0.7, 0.75, 0.8, 0.85, 0.9, 0.95, 1.0, 1.2, 1.4, 1.6, 1.7
0.7, 0.75, 0.8, 0.85, 0.9, 0.95, 1.0, 1.2, 1.4, 1.6, 1.8, 2.0, 2.1
0.9, 0.95, 1.0, 1.2, 1.4, 1.6, 1.8, 2.0, 2.1
1.3, 1.4, 1.6, 1.8, 2.0, 2.1
1.1, 1.2, 1.4, 1.6, 1.8, 1.9
1.3, 1.4, 1.6, 1.8, 2.0, 2.1
2.0, 2.2, 2.3, 2.4, 2.6
1.7, 1.8, 2.0, 2.2, 2.3
1.1, 1.2, 1.4, 1.6, 1.7
0.9, 0.95, 1.0, 1.2, 1.4, 1.6, 1.8, 2.0, 2.1
0.3, 0.35, 0.4, 0.45, 0.5, 0.55, 0.6, 0.65, 0.7, 0.75, 0.8, 0.85, 0.9
0.6, 0.65, 0.7, 0.75, 0.8, 0.85, 0.9, 0.95, 1.0, 1.2, 1.3
0.9, 0.95, 1.0, 1.2, 1.4, 1.6, 1.7
1.1, 1.2, 1.4, 1.6, 1.8, 1.9
1.3, 1.4, 1.6, 1.8, 1.9
0.3, 0.35, 0.4, 0.45, 0.5, 0.55, 0.6, 0.65, 0.7, 0.75, 0.8, 0.85, 0.9, 0.95, 1.0, 1.2, 1.3
0.3, 0.35, 0.4, 0.45, 0.5, 0.55, 0.6, 0.65, 0.7, 0.75, 0.8, 0.85, 0.9, 0.95, 1.0, 1.1
1.3, 1.4, 1.6, 1.8, 1.9
0.9, 0.95, 1.0, 1.2, 1.4, 1.5
1.1, 1.2, 1.4, 1.6, 1.7
0.7, 0.75, 0.8, 0.85, 0.9, 0.95, 1.0, 1.2, 1.4, 1.6, 1.8, 2.0
1.7, 1.8, 2.0, 2.2, 2.3
1.1, 1.2, 1.4, 1.6, 1.7
0.9, 0.95, 1.0, 1.2, 1.4, 1.6, 1.7
0.7, 0.75, 0.8, 0.85, 0.9, 0.95, 1.0, 1.2, 1.4, 1.6, 1.8, 2.0, 2.1
1.1, 1.2, 1.4, 1.6, 1.8, 1.9
0.9, 0.95, 1.0, 1.2, 1.4, 1.6, 1.7
1.7, 1.8, 2.0, 2.2, 2.3
2.0, 2.2, 2.3, 2.4, 2.6
0.5, 0.55, 0.6, 0.65, 0.7, 0.75, 0.8, 0.85, 0.9, 0.95, 1.0, 1.2, 1.3

