-3 3.157096 0
-4 2.71875 0
-2 2.758559 0
-3 3.22879 0
-4 3.244195 0
-3 2.79076 0
-10 2.813103 0
-8 3.247768 0
-6 2.845679 0
-3 3.213836 0
-3 2.804733 0
-2 2.796132 0
-7 3.200231 0
-4 3.255646 0
-4 3.217255 0
-5 3.237409 0
-9 3.287718 0
-1 3.110087 0
-4 3.19489 0
-6 3.14195 0
-4 3.241521 0
-5 3.234792 0
-3 3.218792 0
-2 3.227127 0
-3 3.22466 0
-6 3.009144 0
-6 2.925999 0
-6 3.249496 0
-4 2.965545 0
-2 2.995386 0
-7 3.035036 0
-7 3.201844 0
-4 3.021702 0
-7 3.308882 0
-2 2.953797 0
-5 3.347688 0
-7 3.380786 0
-6 3.072381 0
-8 3.038666 0
-9 3.163476 0
-3 3.21673 0
-2 3.230864 0
-4 3.230778 0
-5 3.21139 0
-4 3.242731 0
-7 3.052809 0
-7 2.883908 0
-7 3.176542 0
-6 3.10143 0
-6 2.915243 0
-5 3.44792 0
-6 2.977449 0
-7 3.305794 0
-6 3.304436 0
-6 3.299236 0
-7 3.37274 0
-8 3.369345 0
-7 3.381082 0
-7 3.372864 0
-7 3.378835 0
-3 3.234043 0
-5 3.226379 0
-4 3.217193 0
-2 3.225731 0
-3 3.212404 0
-2 3.252131 0
-8 3.023369 0
-12 2.906658 0
-7 3.054986 0
-4 3.030851 0
-9 3.289472 0
-7 3.304066 0
-5 3.303928 0
-8 3.311089 0
-6 3.308322 0
-9 3.360035 0
-7 3.371319 0
-8 3.352894 0
-5 3.351405 0
-7 3.363304 0
-4 3.23533 0
-3 3.236556 0
-5 3.225729 0
-4 3.223665 0
-4 3.204272 0
-4 3.225314 0
-9 3.382195 0
-8 3.299744 0
-5 2.944028 0
-5 3.113955 0
-8 3.313258 0
-7 3.297746 0
-2 3.229959 0
-6 3.301202 0
-6 3.288261 0
-8 3.371686 0
-8 3.367575 0
-7 3.354213 0
-8 3.374472 0
-7 3.361226 0
-5 3.254934 0
-6 3.217072 0
-4 3.238918 0
-5 3.216312 0
-3 3.259 0
-4 3.229968 0
-6 3.180424 0
-5 3.107777 0
-4 3.110372 0
-3 3.116841 0
-5 3.183962 0
-7 3.298816 0
-6 3.280545 0
-5 3.286025 0
-6 3.282393 0
-7 3.210278 0
-7 3.222809 0
-8 3.38386 0
-9 3.365335 0
-8 3.37079 0
-4 3.24005 0
-8 3.250174 0
-5 3.255632 0
-4 3.378834 0
-5 3.228542 0
-6 2.957427 0
-5 3.143765 0
-4 3.255523 0
-3 3.117722 0
-4 3.088617 0
-7 3.296039 0
-8 3.305549 0
-9 3.285129 0
-5 3.307134 0
-8 3.284427 0
-4 3.368699 0
-6 3.376754 0
-9 3.231741 0
-8 3.207058 0
-7 3.362799 0
-3 3.260634 0
-4 3.257469 0
-7 3.265634 0
-5 2.907635 0
-5 3.009862 0
-6 3.312226 0
-7 3.178243 0
-6 3.202594 0
-5 3.271008 0
-6 3.278844 0
-5 3.28471 0
-7 3.29987 0
-5 3.293569 0
-6 3.293727 0
-4 3.318083 0
-6 3.199412 0
-8 3.289954 0
-10 3.203651 0
-6 3.204921 0
-8 3.205868 0
-7 3.254825 0
-3 3.260329 0
-3 3.262409 0
-6 3.307248 0
-9 3.021662 0
-5 3.401869 0
-3 2.938163 0
-5 3.274988 0
-6 3.265613 0
-7 3.286607 0
-6 3.318018 0
-9 3.305987 0
-7 3.300527 0
-7 3.317796 0
-6 3.30854 0
-6 3.280708 0
-7 3.290124 0
-8 3.289436 0
-9 3.281374 0
-8 3.287807 0
-4 3.256534 0
-4 3.411958 0
-4 3.418011 0
-4 3.403093 0
-5 3.402171 0
-5 3.239181 0
-4 3.22308 0
-6 3.268239 0
-10 3.26793 0
-4 3.283084 0
-9 3.28906 0
-6 3.299549 0
-7 3.289717 0
-8 3.293965 0
-6 3.300934 0
-8 3.295956 0
-6 3.287553 0
-11 3.28132 0
-7 3.283925 0
-7 3.276634 0
