-2 3.271246 0
-5 2.781952 0
-3 2.833525 0
-3 3.285882 0
-3 2.775282 0
-4 3.205428 0
-7 2.748324 0
-2 2.771086 0
-1 3.202918 0
-4 3.198583 0
-6 2.812298 0
-4 2.768644 0
-2 3.202528 0
0 2.763616 0
-7 2.732454 0
-1 3.244612 0
-9 3.328248 0
-1 2.792092 0
-3 2.846407 0
-3 3.288172 0
-4 3.431802 0
-2 3.065678 0
-4 3.269282 0
-5 3.413781 0
-4 3.204178 0
-4 3.383642 0
-2 3.201861 0
-2 3.202926 0
-1 3.198517 0
-2 3.098041 0
-6 3.00462 0
-5 3.049478 0
-3 3.408922 0
-3 3.20169 0
-3 3.086121 0
-8 3.326759 0
-8 3.322223 0
-9 3.323137 0
-9 3.319257 0
-7 3.310439 0
-8 3.511862 0
-5 3.409593 0
-6 3.40923 0
-5 3.386642 0
-3 3.111146 0
-2 3.185984 0
-2 3.216512 0
-4 3.20836 0
-2 3.209694 0
0 3.200556 0
-3 3.384057 0
-3 3.402844 0
-3 3.412858 0
-3 3.413986 0
-4 3.409481 0
-7 3.309173 0
-7 3.319727 0
-9 3.326974 0
-8 3.330942 0
-7 3.322891 0
-5 3.388777 0
-6 3.389829 0
-6 3.390734 0
-4 3.386834 0
-7 3.376881 0
-3 3.246394 0
-3 3.195954 0
-6 3.215801 0
-1 3.206941 0
-1 3.201237 0
-4 3.398473 0
-4 3.434276 0
-3 3.405496 0
-5 3.436943 0
-5 3.541799 0
-9 3.327938 0
-8 3.339032 0
-6 3.323003 0
-6 3.324075 0
-10 3.320739 0
-5 3.365175 0
-5 3.386196 0
-8 3.369998 0
-3 3.407452 0
-4 3.386925 0
-6 3.385045 0
-1 3.170119 0
-1 3.199135 0
-1 3.202025 0
-2 3.209097 0
-3 3.110803 0
-4 3.442081 0
-5 3.248901 0
-5 3.538166 0
-11 3.487842 0
-8 3.324816 0
-9 3.324425 0
-9 3.322151 0
-8 3.329107 0
-9 3.343583 0
-5 3.365879 0
-4 3.372979 0
-4 3.373004 0
-4 3.363682 0
-4 3.410512 0
-4 3.367481 0
-7 3.364115 0
-1 3.189162 0
-2 3.187801 0
0 3.210275 0
-1 3.125886 0
-6 3.532912 0
-6 3.547255 0
-6 3.529073 0
-10 3.579854 0
-4 3.309687 0
-6 3.323519 0
-7 3.322072 0
-7 3.3213 0
-8 3.330766 0
-7 3.334859 0
-5 3.331018 0
-8 3.337223 0
-4 3.363953 0
-4 3.361344 0
-5 3.368387 0
-4 3.367693 0
0 3.217241 0
-1 3.211356 0
0 3.195726 0
-2 3.1554 0
-4 3.531069 0
-5 3.54365 0
-9 3.479289 0
-8 3.524518 0
-5 3.30862 0
-5 3.300868 0
-8 3.325403 0
-8 3.327658 0
-6 3.310874 0
-6 3.328843 0
-5 3.334323 0
-7 3.371333 0
-6 3.318246 0
-6 3.376395 0
-4 3.365571 0
-6 3.412093 0
-2 3.203211 0
-8 3.401088 0
-2 3.209264 0
-6 3.591214 0
-5 3.543391 0
-7 3.539622 0
-6 3.530687 0
-9 3.558316 0
-5 3.313693 0
-4 3.296589 0
-6 3.302178 0
-5 3.305937 0
-6 3.289534 0
-4 3.334937 0
-5 3.332565 0
-6 3.330482 0
-8 3.311839 0
-8 3.353124 0
-7 3.323893 0
-7 3.401794 0
-6 3.387069 0
-6 3.399205 0
-7 3.396815 0
-6 3.535163 0
-5 3.538797 0
-5 3.291474 0
-4 3.546264 0
-3 3.358742 0
-4 3.320339 0
-6 3.281535 0
-5 3.322368 0
-4 3.335734 0
-3 3.292989 0
-4 3.312943 0
-7 3.348451 0
-8 3.305585 0
-5 3.322991 0
-6 3.319756 0
-8 3.328449 0
-6 3.353782 0
-8 3.394798 0
-7 3.386521 0
-7 3.394503 0
-7 3.30056 0
-6 3.286675 0
-5 3.29974 0
-5 3.282681 0
-6 3.287849 0
-5 3.320875 0
-6 3.313208 0
-4 3.281612 0
-4 3.299022 0
-5 3.314401 0
