-7 3.225118 0
-2 3.259391 0
-4 2.830003 0
-7 3.189504 0
-3 2.780587 0
-3 2.824494 0
-4 2.858091 0
-4 3.17642 0
-4 2.876033 0
-6 2.74231 0
-4 3.151223 0
-2 3.138717 0
-4 2.756752 0
-2 2.745224 0
-3 3.230082 0
-2 3.266351 0
-3 3.173243 0
-5 2.78626 0
-3 3.215571 0
-1 2.815714 0
-3 3.078205 0
-7 3.34053 0
-8 3.338592 0
-6 3.309765 0
-5 3.184853 0
-5 2.888447 0
-4 3.1664 0
-3 3.163398 0
-7 3.172646 0
-6 3.171662 0
-3 2.971642 0
-4 2.86527 0
-1 3.044442 0
-2 2.977798 0
-3 3.218267 0
-3 3.240693 0
-3 3.226908 0
-2 3.22075 0
-3 3.225248 0
-1 3.210306 0
-6 3.343895 0
-8 3.336946 0
-7 3.343433 0
-7 3.391127 0
-5 3.178321 0
-8 3.350757 0
-4 3.174912 0
-7 3.182781 0
-5 3.178075 0
-2 2.904477 0
-8 3.343631 0
-4 3.235963 0
0 2.977972 0
-5 3.395306 0
-4 3.218819 0
-4 2.993004 0
0 3.062842 0
-4 3.032573 0
-3 3.227668 0
-8 3.4284 0
-9 3.338376 0
-8 3.344458 0
-7 3.335917 0
-6 3.339958 0
-8 3.128708 0
-11 3.408851 0
-7 3.171462 0
-8 3.195643 0
-7 3.176046 0
-8 3.365921 0
-4 3.242544 0
-3 3.237247 0
-5 3.221754 0
-7 3.200864 0
-3 3.222528 0
-7 3.211937 0
-5 3.212771 0
-7 3.432147 0
-8 3.425819 0
-4 3.270574 0
-5 3.320365 0
-6 3.338526 0
-5 3.333257 0
-6 3.337649 0
-5 3.3339 0
-7 3.345237 0
-5 3.347961 0
-8 3.366591 0
-1 3.014946 0
-8 3.367234 0
-5 3.2637 0
-4 3.22433 0
-7 3.199359 0
-3 3.229222 0
-5 3.210117 0
-4 3.392296 0
-5 3.239306 0
-6 3.263366 0
-6 3.428782 0
-5 3.276797 0
-6 3.326426 0
-5 3.32454 0
-6 3.317115 0
-6 3.336893 0
-8 3.330875 0
-7 3.344457 0
-8 3.50335 0
-7 3.104659 0
-6 3.520748 0
-6 3.204004 0
-4 3.230775 0
-6 3.234383 0
-5 3.253044 0
-4 3.221444 0
-6 3.203125 0
-9 3.213528 0
-6 3.218017 0
-5 3.197331 0
-5 3.20068 0
-7 3.284813 0
-5 3.320349 0
-6 3.323049 0
-8 3.310632 0
-5 3.314273 0
-5 3.311754 0
-8 3.343853 0
-7 3.343502 0
-4 3.207015 0
-10 3.472809 0
-6 3.278062 0
-4 3.212143 0
-5 3.249317 0
-4 3.248926 0
-5 3.265893 0
-3 3.252883 0
-4 3.288396 0
-7 3.212494 0
-6 3.273635 0
-8 3.227561 0
-7 3.282206 0
-9 3.311754 0
-8 3.306591 0
-6 3.307853 0
-8 3.294131 0
-9 3.295071 0
-8 3.307465 0
-7 3.200935 0
-5 3.280239 0
-4 3.229732 0
-2 3.22145 0
-4 3.21864 0
-4 3.248526 0
-7 3.258603 0
-5 3.271819 0
-3 3.242221 0
-5 3.331741 0
-7 3.215602 0
-8 3.299804 0
-7 3.286653 0
-8 3.284281 0
-7 3.296778 0
-6 3.312489 0
-8 3.302408 0
-5 3.048217 0
-5 3.043172 0
-4 3.304037 0
-4 3.187684 0
-4 3.267994 0
-3 3.210586 0
-4 3.202328 0
-4 3.243242 0
-4 3.241161 0
-6 3.255442 0
-6 3.337364 0
-6 3.360611 0
-6 3.286196 0
-6 3.356805 0
-6 3.264353 0
-7 3.341278 0
-5 3.271149 0
-8 3.304243 0
-5 3.293072 0
-6 3.292773 0
-7 3.30192 0
-4 3.463681 0
-7 3.191471 0
-2 3.209581 0
-3 3.227458 0
-2 3.250089 0
-1 3.232524 0
-6 3.333294 0
-4 3.333267 0
-8 3.327257 0
-7 3.350157 0
-4 3.328284 0
-7 3.352204 0
-5 3.318529 0
-7 3.344529 0
-5 3.346045 0
-7 3.364416 0
