-6 3.231416 0
-4 3.186728 0
-5 2.746196 0
-2 3.156302 0
-4 2.711826 0
-1 2.750062 0
-4 3.199729 0
-5 3.16748 0
0 3.093618 0
-8 3.257587 0
-1 3.123338 0
-4 2.802904 0
-5 2.851335 0
-6 2.798339 0
-6 2.780429 0
-8 2.801415 0
-5 3.227276 0
-4 3.17634 0
-2 2.761558 0
-2 2.778162 0
-6 2.98753 0
-7 3.396744 0
-6 3.222153 0
-1 3.151946 0
-6 3.371755 0
-1 2.976635 0
-6 3.308493 0
-8 3.258425 0
-7 3.262233 0
-8 3.297399 0
-4 3.056353 0
-4 2.736258 0
-4 2.805227 0
-6 2.833419 0
-5 3.049421 0
-4 3.340698 0
-3 3.165014 0
-4 3.173224 0
-3 3.173971 0
-4 3.167588 0
-6 3.350578 0
-7 3.44843 0
-6 3.323924 0
-5 3.364107 0
-6 3.37088 0
-6 3.371141 0
-7 3.087373 0
-5 3.102428 0
-8 3.260582 0
-6 2.911079 0
-7 2.639937 0
-5 2.658998 0
-7 2.97448 0
-6 2.879138 0
-2 3.142539 0
-3 3.299912 0
-5 3.185255 0
-4 3.163064 0
-4 3.174706 0
-1 3.1734 0
-7 3.424014 0
-5 3.339173 0
-7 3.401579 0
-4 3.365589 0
-8 3.297695 0
-5 3.355866 0
-8 3.2586 0
-6 3.123104 0
-4 3.254326 0
-7 3.364818 0
-4 2.973353 0
-8 2.966715 0
-6 2.972674 0
-7 2.980293 0
-7 2.978286 0
-6 3.161272 0
-2 3.16653 0
-3 3.172394 0
-4 3.172175 0
-4 3.174541 0
-9 3.291951 0
-6 3.363037 0
-5 3.344413 0
-4 3.291484 0
-5 3.335167 0
-6 3.312869 0
-8 3.285859 0
-6 3.357767 0
-7 3.168989 0
-5 3.359473 0
-8 3.27233 0
-7 2.968938 0
-6 2.985886 0
-7 2.979901 0
-8 2.975481 0
-5 3.317299 0
-4 3.267132 0
-3 3.165167 0
-4 3.170063 0
-4 3.170066 0
-5 3.361087 0
-4 3.335549 0
-4 3.323985 0
-3 3.357545 0
-3 3.354432 0
-6 3.372259 0
-7 3.277432 0
-4 3.332496 0
-6 3.08071 0
-6 3.114786 0
-7 2.853102 0
-3 2.961343 0
-7 2.984226 0
-7 2.985001 0
-5 2.978499 0
-3 2.893412 0
-5 2.852832 0
-3 3.18477 0
-4 3.171733 0
-4 3.178397 0
-5 3.339325 0
-4 3.354288 0
-3 3.351528 0
-3 3.31259 0
-4 3.364542 0
-3 3.366873 0
-6 3.397197 0
-6 3.110168 0
-6 3.105475 0
-6 3.09814 0
-6 2.984684 0
-8 2.906556 0
-4 2.984393 0
-6 2.980029 0
-8 2.996532 0
-5 2.81719 0
-4 2.88982 0
-5 3.180009 0
-4 3.163618 0
-3 3.166033 0
-3 3.32425 0
-3 3.344602 0
-5 3.335296 0
-5 3.367167 0
-4 3.361973 0
-2 3.361652 0
-3 3.440114 0
-8 3.094255 0
-5 3.392604 0
-4 3.168478 0
-6 3.105124 0
-5 2.986959 0
-5 2.986094 0
-5 2.991639 0
-6 3.07515 0
-4 2.894695 0
-4 2.903716 0
-6 2.89187 0
-3 2.884049 0
-4 2.886712 0
-4 3.344803 0
-3 3.344712 0
-6 3.346866 0
-5 3.353249 0
-4 3.367827 0
-3 3.366566 0
-4 3.363911 0
-3 3.428442 0
-6 3.376562 0
-5 3.084531 0
-5 3.229116 0
-3 3.22768 0
-4 2.874123 0
-4 3.220461 0
-4 2.992643 0
-5 2.905121 0
-5 2.892037 0
-6 2.887345 0
-5 2.886733 0
-3 2.889059 0
-5 3.327127 0
-7 3.344474 0
-6 3.347315 0
-6 3.343966 0
-7 3.336622 0
-5 3.356454 0
-2 3.436903 0
-3 3.427938 0
-3 3.156671 0
-5 3.4916 0
-4 3.181728 0
-5 3.18529 0
-6 3.296779 0
-5 2.957542 0
-5 2.906252 0
-5 2.907385 0
-3 2.893172 0
-4 2.873232 0
-3 2.883141 0
-4 2.886499 0
