-6 2.801734 0
-8 3.292902 0
-5 3.181806 0
-2 2.789602 0
0 2.796465 0
-2 2.799219 0
-2 2.790488 0
-4 2.776833 0
-7 3.23781 0
-4 2.807057 0
-5 2.826062 0
-5 2.829315 0
-4 2.777344 0
-6 3.26678 0
-6 2.797518 0
-2 3.208628 0
-3 2.856327 0
-4 2.836699 0
-6 3.239552 0
-4 2.834301 0
-4 3.18429 0
-4 3.17478 0
-6 3.180331 0
-4 3.181306 0
-5 3.183727 0
-3 3.025394 0
-6 3.315741 0
-7 3.238455 0
-6 3.234198 0
-4 2.755592 0
-4 2.870005 0
-9 3.389264 0
-4 3.232342 0
-4 2.893363 0
-3 3.402655 0
-2 3.208315 0
-8 2.899182 0
-3 3.103388 0
-8 2.943663 0
-4 3.318422 0
-6 3.185885 0
-4 3.185446 0
-5 3.174402 0
-5 3.182508 0
-5 3.170275 0
-6 3.046731 0
-6 3.23879 0
-7 3.244747 0
-5 3.245395 0
-3 3.058168 0
-9 3.437079 0
-4 3.224689 0
-6 3.227557 0
-4 3.225534 0
-3 3.249997 0
-8 2.900952 0
-6 2.893386 0
-8 2.905371 0
-5 2.910427 0
-8 2.905556 0
-4 3.18824 0
-3 3.181801 0
-3 3.16993 0
-4 3.18063 0
-5 3.194037 0
-7 3.199659 0
-6 3.381438 0
-7 3.237638 0
-6 3.242076 0
-6 3.243521 0
-5 3.217154 0
-5 3.21093 0
-7 3.226593 0
-5 3.224968 0
-3 3.235748 0
-11 2.800034 0
-7 2.904779 0
-7 2.918373 0
-7 2.910273 0
-6 2.914565 0
-3 3.160332 0
-4 3.165597 0
-3 3.167549 0
-3 3.172994 0
-2 3.162962 0
-2 3.195349 0
-4 3.385633 0
-6 3.370007 0
-15 3.48981 0
-5 3.385913 0
-9 3.237049 0
-7 3.218655 0
-6 3.224298 0
-5 3.223005 0
-6 3.234298 0
-8 2.928478 0
-7 2.924692 0
-6 2.919589 0
-9 2.918895 0
-9 2.907894 0
-4 3.155972 0
-5 3.161798 0
-3 3.169135 0
-5 3.157004 0
-4 3.169547 0
-3 3.182539 0
-4 3.391175 0
-5 3.392607 0
-6 3.389841 0
-6 3.384157 0
-7 3.157053 0
-7 3.221663 0
-7 3.230375 0
-7 3.224806 0
-4 2.903456 0
-8 2.78723 0
-6 2.913784 0
-7 2.918972 0
-7 2.921295 0
-6 2.911656 0
-6 3.166788 0
-4 3.166064 0
-2 3.148243 0
-4 3.176634 0
-2 3.143394 0
-3 3.180868 0
-5 3.311462 0
-2 3.166336 0
-6 3.368897 0
-6 3.386097 0
-4 3.12682 0
-10 3.210427 0
-7 3.227048 0
-8 3.241464 0
-6 3.225053 0
-7 2.913779 0
-7 2.925581 0
-6 2.925017 0
-6 2.917934 0
-6 2.930562 0
-5 3.177435 0
-2 3.130704 0
-3 3.160531 0
-1 3.151924 0
-3 3.15296 0
-5 3.197262 0
-4 3.311628 0
-4 3.313962 0
-7 3.311948 0
-4 3.297705 0
-5 2.978882 0
-4 3.22631 0
-10 3.224367 0
-8 3.195206 0
-4 3.219816 0
-9 3.337799 0
-9 2.917395 0
-10 2.930467 0
-7 2.922116 0
-7 2.925263 0
-2 3.176144 0
-2 3.15423 0
-5 3.151763 0
-2 3.167132 0
-5 3.131393 0
-3 3.120198 0
-7 3.202613 0
-5 3.302253 0
-6 3.300003 0
-4 3.321436 0
-13 3.479596 0
-10 3.230609 0
-7 3.207441 0
-11 3.220001 0
-13 3.368108 0
-6 2.926824 0
-7 2.917375 0
-4 2.902054 0
-6 2.912792 0
-6 2.92607 0
-2 3.185143 0
-1 3.184373 0
-2 3.187926 0
-5 3.103294 0
-3 3.168923 0
-2 3.121562 0
-6 3.209498 0
-4 3.150054 0
-5 3.313347 0
-5 3.187454 0
-8 3.136308 0
-13 3.371595 0
-9 3.324759 0
-13 3.277403 0
-12 3.353448 0
-9 3.000817 0
-11 3.403219 0
-7 2.91818 0
-8 2.910131 0
-8 2.913124 0
