-5 2.840776 0
-5 3.260967 0
-2 3.267832 0
-4 3.230398 0
-2 3.198773 0
-3 3.238013 0
-6 2.693326 0
-5 3.241666 0
-4 2.742332 0
-2 3.27072 0
-6 3.237682 0
-8 2.807039 0
-2 2.832313 0
-7 3.230192 0
-3 2.822196 0
0 3.313901 0
-9 3.252474 0
-3 3.200884 0
-5 3.223432 0
-3 3.200128 0
-4 3.382944 0
-3 3.117824 0
-4 3.238806 0
-3 3.227124 0
-5 3.232522 0
-5 3.247993 0
-4 3.452361 0
0 3.199153 0
-2 3.372551 0
-2 3.277715 0
-8 3.221142 0
-6 3.34203 0
-8 3.209969 0
-7 3.222305 0
-6 3.059349 0
-2 3.314197 0
-4 3.456856 0
-6 3.112607 0
-9 3.255236 0
-4 3.461691 0
-4 3.234464 0
-6 3.371948 0
-3 3.235175 0
-2 3.232724 0
-5 3.392157 0
-5 3.241656 0
-2 3.261288 0
-6 3.460593 0
-2 3.232232 0
-8 3.248756 0
-9 3.203728 0
-7 3.211976 0
-7 3.215583 0
-6 3.081673 0
-5 3.465126 0
-6 3.364581 0
-6 3.464402 0
-2 3.3724 0
-5 3.463281 0
-5 3.455362 0
-7 3.37657 0
-5 3.398691 0
-6 3.108635 0
-2 3.245387 0
-2 3.117298 0
-4 3.229764 0
-4 3.467017 0
-2 3.083931 0
-3 3.455906 0
-8 3.198905 0
-5 3.231624 0
-9 3.459151 0
-5 3.460282 0
-6 3.165617 0
-7 3.469758 0
-4 3.513473 0
-5 3.385592 0
-8 3.454337 0
-1 3.306784 0
-2 3.284959 0
-4 3.213796 0
-5 3.386017 0
-7 3.380778 0
-4 3.223144 0
-3 3.196766 0
-4 3.236623 0
-7 3.383046 0
-5 3.442741 0
-4 3.449186 0
-9 3.471331 0
-4 3.466397 0
-6 3.461997 0
-8 3.459587 0
-5 3.453391 0
-6 3.465892 0
-2 3.311115 0
-3 3.270458 0
-2 3.270782 0
-3 3.286701 0
-2 3.275477 0
-7 3.373839 0
-7 3.390378 0
-8 3.375417 0
-8 3.371932 0
-6 3.383817 0
-8 3.385117 0
-2 3.23302 0
-10 3.471583 0
-11 3.548432 0
-10 3.457217 0
-8 3.459139 0
-3 3.460931 0
-7 3.46374 0
-5 3.447341 0
-4 3.46086 0
-8 3.459964 0
-6 3.302307 0
-3 3.308385 0
-1 3.275954 0
-2 3.276288 0
-9 3.355003 0
-5 3.34792 0
-10 3.339418 0
-7 3.369174 0
-10 3.377502 0
-9 3.252569 0
-9 3.457656 0
-10 3.482661 0
-8 3.470438 0
-12 3.446447 0
-9 3.42502 0
-9 3.481262 0
-10 3.44202 0
-6 3.468834 0
-4 3.469165 0
-5 3.418412 0
-5 3.476594 0
-1 3.299416 0
-5 3.459611 0
-9 3.416664 0
-10 3.366555 0
-8 3.311972 0
-8 3.364519 0
-9 3.245337 0
-9 3.332621 0
-10 3.251277 0
-11 3.243126 0
-10 3.445181 0
-8 3.475508 0
-10 3.462042 0
-9 3.435279 0
-10 3.446532 0
-5 3.465143 0
-6 3.437137 0
-7 3.473378 0
-8 3.433335 0
-6 3.471555 0
-6 3.460365 0
-6 3.475516 0
-6 3.463145 0
-8 3.248152 0
-8 3.239562 0
-12 3.234615 0
-9 3.24362 0
-10 3.254942 0
-9 3.248356 0
-8 3.303266 0
-8 3.466362 0
-5 3.448959 0
-11 3.448098 0
-9 3.460988 0
-12 3.488487 0
-6 3.454053 0
-6 3.456876 0
-6 3.42261 0
-7 3.439265 0
-10 3.425021 0
-5 3.445524 0
-9 3.4201 0
-6 3.459484 0
-8 3.249278 0
-9 3.251517 0
-8 3.246438 0
-11 3.247278 0
-7 3.264564 0
-9 3.249099 0
-9 3.48759 0
-11 3.194826 0
-11 3.19209 0
-9 3.459472 0
-10 3.494561 0
-10 3.486044 0
-6 3.430068 0
-6 3.41186 0
-8 3.407461 0
-6 3.435619 0
-3 3.431362 0
-7 3.458239 0
-9 3.472218 0
-7 3.458308 0
