-2 2.796619 0
-9 2.825743 0
-4 3.160149 0
-3 2.809604 0
-4 3.204951 0
-7 3.194974 0
-4 3.17658 0
-2 2.69086 0
-5 3.189859 0
-5 3.150748 0
-8 3.122503 0
-5 3.172254 0
-7 2.771529 0
-6 3.168737 0
-3 2.794111 0
-5 2.761715 0
-3 2.713614 0
-3 3.194629 0
-3 3.185001 0
-6 2.791166 0
-3 2.820255 0
-4 2.648456 0
-5 3.106663 0
-3 2.884437 0
-3 3.201123 0
-3 2.942487 0
-1 2.873181 0
-6 3.198066 0
-6 3.184798 0
-5 3.175975 0
-5 3.387347 0
-6 3.171803 0
-4 3.041633 0
-6 3.277484 0
-6 3.30443 0
-3 2.823703 0
-3 3.22208 0
-3 3.239588 0
-4 2.799177 0
-1 2.73335 0
-7 3.10924 0
-5 2.966193 0
-3 2.957978 0
-1 3.203218 0
-4 2.988273 0
-3 3.20713 0
-5 3.201268 0
-4 3.195219 0
-6 3.184798 0
-2 3.012606 0
-4 2.954351 0
-6 3.174836 0
-5 3.425584 0
-6 3.177429 0
-3 3.17248 0
-6 3.460501 0
-3 3.23771 0
-3 3.229797 0
-3 3.234978 0
-2 3.224345 0
-2 3.229135 0
0 3.206834 0
-4 3.206494 0
-1 3.197232 0
-11 3.404024 0
-3 3.041227 0
-5 3.199927 0
-3 3.199311 0
-5 3.207306 0
-6 3.224227 0
-5 3.164297 0
-5 3.177758 0
-6 3.179211 0
-5 3.16623 0
-4 3.049476 0
-1 3.230022 0
-2 3.230116 0
-2 3.225209 0
-3 3.234218 0
-1 3.229149 0
-2 3.186502 0
0 3.201602 0
-5 3.206492 0
-8 3.42126 0
-3 2.987789 0
-4 3.193227 0
-4 3.217126 0
-4 3.201044 0
-5 3.20371 0
-1 2.976061 0
-2 2.953731 0
-3 3.163544 0
-4 3.064239 0
-2 3.170399 0
-6 3.170522 0
-5 3.457457 0
-5 3.480883 0
-3 3.233119 0
-2 3.419206 0
-4 3.233006 0
-7 2.978652 0
-5 3.204775 0
-4 3.2051 0
-6 3.201499 0
-3 2.977047 0
-4 3.191097 0
-4 3.203287 0
-1 3.197966 0
-2 3.196184 0
-1 3.048495 0
-1 2.968194 0
-3 2.942914 0
-5 3.128535 0
-8 2.904723 0
-7 3.445626 0
-6 3.437087 0
-4 3.484882 0
-8 3.471791 0
-5 3.479949 0
-5 3.477319 0
-5 3.201042 0
-6 3.204859 0
-5 3.192203 0
-5 3.202313 0
-6 3.207584 0
-3 3.170544 0
-5 3.200677 0
-3 3.188701 0
-2 3.204816 0
-5 3.184279 0
-4 3.222085 0
-5 3.20907 0
-8 3.566738 0
-7 2.904245 0
-5 3.172114 0
-6 3.462483 0
-6 3.471316 0
-9 3.471625 0
-8 3.475818 0
-7 3.464987 0
-5 3.198684 0
-6 3.197737 0
-8 3.191654 0
-3 3.216446 0
-5 3.210565 0
-5 3.228571 0
-2 3.198656 0
-4 3.225517 0
-1 3.207977 0
-2 3.077223 0
-5 3.210173 0
-3 3.207504 0
-7 3.162393 0
-3 3.204452 0
-9 3.476348 0
-8 3.482557 0
-7 3.460793 0
-8 3.47268 0
-7 3.466724 0
-8 3.473031 0
-6 3.256877 0
-6 3.241748 0
-6 3.197403 0
-6 3.235954 0
-6 3.194271 0
-6 3.230156 0
-4 3.23802 0
-2 3.077353 0
-4 3.221306 0
0 3.0352 0
-5 3.158076 0
-4 3.162635 0
-6 3.164055 0
-7 3.141306 0
-4 3.347401 0
-5 3.459904 0
-11 3.471601 0
-7 3.450509 0
-6 3.451408 0
-8 3.472764 0
-4 3.221703 0
-5 3.211231 0
-7 3.201714 0
-4 3.240852 0
-5 3.192337 0
-3 3.19474 0
-3 3.240373 0
-3 3.067969 0
-4 3.078092 0
-3 3.231366 0
-4 3.1618 0
-4 3.156523 0
-4 3.170798 0
-3 3.166353 0
-6 3.174772 0
-8 3.150476 0
-8 3.457306 0
-8 3.46451 0
-7 3.454072 0
-6 3.461902 0
