-8 2.728563 0
-7 3.244063 0
-4 2.691237 0
-3 2.745196 0
-1 3.183679 0
-5 3.197848 0
-2 3.219966 0
-4 2.827619 0
0 3.214161 0
-4 2.845664 0
-1 3.170126 0
-2 3.229931 0
0 2.838032 0
-4 3.242338 0
-5 2.800246 0
-2 3.190533 0
-4 2.750637 0
-3 2.796538 0
-4 3.191824 0
-2 2.806908 0
-6 3.314649 0
-9 3.249773 0
-3 2.785149 0
-10 3.476001 0
-6 3.453377 0
-9 3.429087 0
-1 3.232225 0
-6 3.424058 0
-10 3.404187 0
-4 2.962324 0
-4 3.072194 0
-2 3.229716 0
-3 3.219496 0
-4 3.236152 0
-4 3.250349 0
-6 3.014071 0
-3 2.856178 0
-5 3.182523 0
-3 3.196316 0
-4 2.897433 0
-3 3.214157 0
-5 3.202849 0
-13 3.568976 0
-3 3.508287 0
-6 3.430594 0
-9 3.425967 0
-3 3.285668 0
-13 3.50516 0
-6 3.428904 0
-5 3.400209 0
-1 3.043254 0
-4 3.077762 0
-3 3.223947 0
-3 3.234036 0
-6 3.242059 0
-5 3.315295 0
-7 3.359432 0
-4 3.183608 0
-4 3.170987 0
-4 3.188456 0
-15 3.564189 0
-12 3.565305 0
-15 3.549197 0
-10 3.540589 0
-11 3.525463 0
-14 3.565964 0
-4 3.401134 0
-4 3.268236 0
-14 3.547295 0
-7 3.402397 0
-6 3.43907 0
-3 3.210454 0
-4 3.230804 0
-2 3.213618 0
-3 3.226159 0
-4 3.094026 0
-4 3.085575 0
-10 3.359102 0
-8 3.358617 0
-7 3.358393 0
-14 3.565457 0
-11 3.557543 0
-15 3.551663 0
-5 3.308637 0
-12 3.550615 0
-6 3.287278 0
-4 3.265271 0
-5 3.26698 0
-3 3.271289 0
-7 3.314552 0
-6 3.445093 0
-3 3.217356 0
-3 3.219475 0
-3 3.21622 0
-2 3.213639 0
-4 3.206955 0
-5 3.225667 0
-6 3.348976 0
-12 3.380264 0
-7 3.35938 0
-12 3.552735 0
-11 3.558955 0
-14 3.546677 0
-18 3.589152 0
-5 3.354548 0
-3 3.316029 0
-4 3.262134 0
-4 3.251268 0
-3 3.279001 0
-4 3.286343 0
-5 3.078025 0
-6 3.337813 0
-4 3.373574 0
-7 3.458389 0
-3 3.207823 0
-4 3.326315 0
-3 3.219512 0
-4 3.228387 0
-5 3.208869 0
-4 3.2383 0
-11 3.56499 0
-11 3.555228 0
-10 3.548512 0
-15 3.58715 0
-15 3.599903 0
-18 3.587651 0
-3 3.273258 0
-6 3.369221 0
-3 3.294587 0
-5 3.284092 0
-3 3.182013 0
-4 3.368289 0
-8 3.4108 0
-7 3.424503 0
-3 3.368707 0
-3 3.186764 0
-7 3.211685 0
-4 3.1913 0
-6 3.203828 0
-7 3.201358 0
-14 3.607489 0
-10 3.563985 0
-11 3.562649 0
-13 3.597225 0
-14 3.610281 0
-5 3.340894 0
-7 3.370704 0
-8 3.35821 0
-4 3.357493 0
-8 3.363886 0
-10 3.479014 0
-5 3.353158 0
-7 3.446588 0
-5 3.345606 0
-4 3.404956 0
-2 3.184198 0
-6 3.200579 0
-7 3.193253 0
-1 3.240169 0
-8 3.20251 0
-17 3.591439 0
-13 3.598498 0
-18 3.588278 0
-11 3.592701 0
-14 3.605033 0
-11 3.541124 0
-10 3.545298 0
-5 3.359662 0
-3 3.356262 0
-4 3.255868 0
-7 3.492523 0
-5 3.352116 0
-4 3.355226 0
-3 3.273541 0
-4 3.342816 0
-2 3.187451 0
-5 3.189232 0
-6 3.193726 0
-4 3.250821 0
-5 3.195129 0
-19 3.589577 0
-14 3.601675 0
-16 3.594681 0
-14 3.589516 0
-13 3.60068 0
-14 3.55641 0
-3 3.361777 0
-2 3.355122 0
-4 3.366205 0
-3 3.358621 0
-1 3.081509 0
-4 3.272309 0
-3 3.288859 0
-5 3.288258 0
-3 3.196181 0
-5 3.154059 0
-5 3.251133 0
-2 3.259211 0
-4 3.24664 0
-4 3.267531 0
