-4 2.853381 0
-6 3.214357 0
-6 3.187574 0
-1 3.219072 0
-6 2.806416 0
-4 3.242465 0
-2 2.749125 0
-4 2.798451 0
-2 2.760889 0
-3 3.261408 0
-2 2.811401 0
-1 3.220724 0
-2 2.787914 0
-4 2.752658 0
-1 2.760433 0
-4 2.74818 0
-2 3.17688 0
-2 3.147565 0
-1 3.187826 0
-3 3.168718 0
-5 3.196572 0
-7 3.179303 0
-7 3.180201 0
-6 3.434047 0
-6 3.184359 0
-6 3.185689 0
-5 3.248488 0
-6 2.997914 0
-7 3.354188 0
-2 3.247005 0
-4 3.393264 0
-2 2.817999 0
-3 3.157126 0
0 2.749254 0
-2 3.233921 0
-3 3.144576 0
-1 3.161841 0
-2 3.001314 0
-4 3.3129 0
-3 3.159858 0
-7 3.439947 0
-6 3.438509 0
-6 3.436007 0
-7 3.425792 0
-3 3.426073 0
-5 3.437381 0
-5 3.259766 0
-6 3.347572 0
-7 3.35286 0
-10 3.566447 0
-8 3.53732 0
-4 3.387816 0
-2 3.239199 0
-3 3.238143 0
-4 3.234417 0
-1 3.234394 0
-3 3.162922 0
-7 3.316287 0
-4 3.310306 0
-3 3.310473 0
-7 3.438773 0
-7 3.437227 0
-4 3.441696 0
-7 3.429631 0
-7 3.387938 0
-7 3.443811 0
-5 3.27099 0
-4 3.264354 0
-5 3.250795 0
-6 3.381877 0
-2 3.224212 0
-3 3.229342 0
-4 3.219159 0
-4 3.210115 0
-5 3.229264 0
-4 3.32197 0
-7 3.289997 0
-6 3.306589 0
-2 3.314381 0
-6 3.286839 0
-7 3.440114 0
-8 3.449535 0
-6 3.461451 0
-6 3.426147 0
-7 3.416559 0
-7 3.417008 0
-4 3.254952 0
-6 3.264636 0
-4 3.259185 0
-4 3.253388 0
-5 3.223379 0
-4 3.215106 0
-7 3.348492 0
-4 3.226673 0
-5 3.359572 0
-5 3.330983 0
-5 3.308119 0
-5 3.31068 0
-6 3.314656 0
-6 3.304595 0
-6 3.434496 0
-5 3.442338 0
-5 3.402415 0
-4 3.227294 0
-8 3.43658 0
-6 3.251861 0
-4 3.250968 0
-3 3.26472 0
-4 3.246697 0
-4 3.062573 0
-5 3.207385 0
-5 3.363109 0
-6 3.387498 0
-6 3.138095 0
-4 3.248078 0
-4 3.314873 0
-7 3.30316 0
-4 3.291858 0
-6 3.305321 0
-7 3.309746 0
-4 3.435683 0
-3 3.37995 0
-8 3.438707 0
-6 3.446586 0
-6 3.234818 0
-6 3.261362 0
-4 3.252848 0
-5 3.245547 0
-7 3.057027 0
-8 3.353818 0
-2 3.201775 0
-4 3.133921 0
-6 3.343521 0
-5 3.123392 0
-7 3.334169 0
-8 3.348247 0
-6 3.295263 0
-6 3.313747 0
-8 3.298062 0
-6 3.287052 0
-2 3.370763 0
-3 3.380932 0
-6 3.260133 0
-6 3.25932 0
-5 3.374608 0
-6 3.248438 0
-6 3.138677 0
-5 3.084335 0
-7 3.316746 0
-7 3.357514 0
-9 3.355175 0
-10 3.399782 0
-5 3.351369 0
-6 3.361239 0
-9 3.348833 0
-8 3.300328 0
-7 3.360379 0
-6 3.300745 0
-5 3.358049 0
-7 3.347153 0
-4 3.386913 0
-3 3.399052 0
-2 3.381061 0
-3 3.379737 0
-6 3.378767 0
-5 3.366254 0
-10 3.463712 0
-5 3.293194 0
-2 3.159739 0
-9 3.428388 0
-8 3.397511 0
-9 3.403116 0
-10 3.399725 0
-6 3.338208 0
-8 3.305853 0
-8 3.327502 0
-9 3.331792 0
-9 3.3294 0
-6 3.340032 0
-9 3.352421 0
-3 3.395704 0
-6 3.4012 0
-3 3.399605 0
-5 3.517829 0
-3 3.28815 0
-5 3.368418 0
-5 3.369256 0
-5 3.493554 0
-13 3.42881 0
-9 3.418837 0
-9 3.416745 0
-11 3.401622 0
-9 3.410525 0
-11 3.396256 0
-9 3.39641 0
-8 3.425071 0
-9 3.334666 0
-6 3.324472 0
-6 3.335157 0
-8 3.32653 0
