-7 3.278246 0
-7 3.233139 0
-3 2.816111 0
-3 3.276057 0
-4 3.269689 0
-4 2.77271 0
-3 3.241942 0
-7 2.805046 0
-6 2.758224 0
-4 3.223747 0
-1 2.742901 0
-2 3.199555 0
-1 3.17996 0
-2 2.780578 0
-3 3.232833 0
-5 3.157129 0
-6 2.814572 0
-6 2.729042 0
-3 2.859644 0
-5 2.733351 0
-8 3.232964 0
-5 3.248058 0
-7 3.440049 0
-6 3.164702 0
-6 3.076561 0
-3 3.131812 0
-3 3.233823 0
-3 3.2488 0
-3 3.237072 0
-7 3.377887 0
-5 3.116163 0
-1 3.177597 0
-2 3.225949 0
-5 3.308661 0
-4 3.246958 0
-4 3.243296 0
-3 2.958734 0
-5 2.818442 0
-6 2.812644 0
-2 3.04011 0
-8 3.439008 0
-5 3.441441 0
-5 3.428043 0
-6 3.217541 0
-8 3.44221 0
-13 3.526441 0
-2 3.245502 0
-5 3.256889 0
-5 3.243012 0
-6 2.952376 0
-4 3.315115 0
-4 3.105709 0
-4 3.213235 0
-3 3.25217 0
-5 3.247936 0
-1 3.27132 0
-4 3.286066 0
-3 3.030724 0
-3 3.362649 0
-4 3.28671 0
-6 3.44195 0
-7 3.464695 0
-7 3.521035 0
-11 3.528856 0
-12 3.527868 0
-10 3.509578 0
-6 2.922395 0
-6 2.956295 0
-8 3.317975 0
-6 2.960344 0
-5 3.21611 0
-5 3.223046 0
-4 3.213343 0
-6 3.223451 0
-3 3.113832 0
-3 3.136933 0
-3 3.359144 0
-4 3.284291 0
-4 3.287551 0
-4 3.290734 0
-6 3.526778 0
-9 3.529165 0
-5 3.453597 0
-7 3.521232 0
-5 3.468959 0
-8 3.558496 0
-6 3.324562 0
-6 3.317375 0
-7 3.313157 0
-6 3.403467 0
-6 3.159418 0
-4 3.212243 0
-3 3.204124 0
-4 3.212611 0
-3 3.144186 0
-3 3.303868 0
-4 3.130403 0
-5 3.297331 0
-3 3.238755 0
-3 3.193631 0
-7 3.44993 0
-5 3.439835 0
-6 3.473172 0
-5 3.534001 0
-4 3.447825 0
-5 3.447188 0
-6 3.315863 0
-9 3.310911 0
-3 3.311935 0
-6 3.31188 0
-7 3.147611 0
-6 3.16974 0
-2 3.176903 0
-4 3.305688 0
-2 3.125813 0
-3 3.296218 0
-5 3.301385 0
-6 3.308746 0
-3 3.323184 0
-4 3.323504 0
-6 3.436783 0
-4 3.452 0
-4 3.46385 0
-5 3.444079 0
-7 3.430866 0
-6 3.437 0
-2 3.430802 0
-7 3.312024 0
-5 3.232822 0
-10 3.441224 0
-9 3.141648 0
-3 3.277338 0
-4 3.301751 0
-4 3.299927 0
-3 3.32972 0
-4 3.298104 0
-2 3.296032 0
-4 3.302176 0
-5 3.323354 0
-3 3.320145 0
-6 3.422871 0
-5 3.429651 0
-6 3.416031 0
-6 3.439665 0
-6 3.444356 0
-7 3.440825 0
-2 3.433132 0
-4 3.430813 0
-3 3.432106 0
-4 3.525165 0
-6 3.47294 0
-6 3.298858 0
-5 3.312168 0
-6 3.312916 0
-4 3.305564 0
-5 3.295191 0
-3 3.34021 0
-4 3.322683 0
-4 3.320932 0
-3 3.299509 0
-5 3.423059 0
-7 3.441179 0
-5 3.418017 0
-6 3.419747 0
-8 3.449253 0
-7 3.444146 0
-4 3.437689 0
-7 3.434269 0
-4 3.432049 0
-4 3.4178 0
-5 3.317174 0
-5 3.307301 0
-5 3.296408 0
-5 3.301736 0
-4 3.311601 0
-3 3.307482 0
-3 3.300883 0
-1 3.331092 0
-3 3.307095 0
-6 3.333826 0
-4 3.426128 0
-6 3.412895 0
-5 3.430922 0
-9 3.441385 0
-9 3.444583 0
-9 3.452486 0
-4 3.457905 0
-7 3.428785 0
-3 3.403368 0
-5 3.472418 0
-5 3.602441 0
-5 3.310826 0
-4 3.31067 0
-4 3.31115 0
-3 3.318168 0
-3 3.297503 0
-2 3.294543 0
-5 3.294916 0
-5 3.287537 0
-3 3.305815 0
