-3 2.747102 0
0 2.744617 0
-4 2.809749 0
-4 2.790224 0
-5 2.814036 0
-3 2.878933 0
-5 2.802556 0
-5 3.233547 0
-2 2.8078 0
-5 3.202613 0
-2 2.775159 0
-7 3.239752 0
-2 2.714031 0
-3 2.840666 0
-4 3.248516 0
-3 2.785821 0
-1 2.732512 0
-4 3.206802 0
-2 3.193801 0
-4 3.190453 0
0 2.933327 0
-2 3.183451 0
-5 2.646194 0
-5 3.137617 0
-3 2.829433 0
-2 3.22038 0
-5 3.311483 0
-5 3.193903 0
-4 3.204536 0
-8 3.376559 0
-5 3.238575 0
-6 3.245565 0
-6 3.226364 0
-5 3.252681 0
-3 3.08637 0
-2 3.201227 0
-5 3.201392 0
-6 3.211023 0
-4 3.211033 0
-3 3.207408 0
-5 3.298135 0
-1 2.93591 0
-3 3.23152 0
-2 2.92203 0
-2 3.311431 0
-5 3.470654 0
-5 3.194062 0
-4 3.202308 0
-4 3.196708 0
-5 3.178893 0
-6 3.225718 0
-4 3.234668 0
-4 3.239885 0
-7 3.249638 0
-5 3.019471 0
-6 3.425763 0
-3 3.212154 0
-5 3.21479 0
-3 3.20259 0
-5 3.211962 0
-11 3.522129 0
-4 3.292541 0
-4 3.290116 0
-7 3.533492 0
-6 3.269586 0
-7 3.453689 0
-5 3.177165 0
-5 3.205467 0
-4 3.199502 0
-4 2.980044 0
-6 3.255299 0
-7 3.244769 0
-5 3.260004 0
-4 3.253165 0
-7 3.429264 0
-5 3.424475 0
-4 3.162952 0
-4 3.204308 0
-6 3.189726 0
-6 3.495927 0
-4 3.291342 0
-6 3.466115 0
-3 3.290146 0
-6 3.42277 0
-4 3.435599 0
-7 3.432142 0
-4 3.175006 0
-5 3.173851 0
-2 3.203487 0
-6 3.205758 0
-7 3.233464 0
-6 3.255699 0
-7 3.251019 0
-7 3.239406 0
-4 3.246857 0
-4 3.405786 0
-5 3.491104 0
-6 3.487991 0
-5 3.492982 0
-5 3.505303 0
-4 3.337603 0
-5 3.463 0
-4 3.297762 0
-3 3.280845 0
-5 3.416604 0
-6 3.422677 0
-6 3.166724 0
-4 3.007971 0
-5 3.18297 0
-6 3.462744 0
-7 3.267646 0
-8 3.220002 0
-6 3.243563 0
-7 3.25149 0
-5 3.240681 0
-8 3.297467 0
-6 3.48269 0
-6 3.493015 0
-6 3.482599 0
-4 3.497175 0
-4 3.306572 0
-3 3.287333 0
-4 3.290261 0
-1 3.290451 0
-1 3.275107 0
-4 3.277656 0
-6 3.196643 0
-10 3.55072 0
-6 3.174231 0
-6 3.45209 0
-6 3.223205 0
-7 3.251856 0
-8 3.244455 0
-7 3.24961 0
-8 3.258947 0
-8 3.521497 0
-5 3.471137 0
-6 3.50191 0
-5 3.490393 0
-5 3.482981 0
-2 3.290991 0
-3 3.282079 0
0 3.300023 0
-3 3.284528 0
-1 3.289631 0
-3 3.295031 0
-6 3.511247 0
-5 3.442509 0
-5 3.600916 0
-6 3.443382 0
-8 3.238298 0
-8 3.467324 0
-6 3.250743 0
-6 3.240481 0
-6 3.268251 0
-5 3.228293 0
-8 3.496032 0
-6 3.497448 0
-6 3.497884 0
-6 3.5034 0
-2 3.285958 0
-2 3.292706 0
-1 3.286909 0
-3 3.285642 0
-3 3.291824 0
-5 3.271553 0
-7 3.456928 0
-6 3.438507 0
-4 3.434903 0
-4 3.453044 0
-6 3.292293 0
-6 3.46458 0
-6 3.246731 0
-7 3.239755 0
-7 3.239748 0
-7 3.459323 0
-5 3.4816 0
-8 3.483868 0
-6 3.5018 0
-6 3.490905 0
-3 3.290689 0
-4 3.175264 0
-2 3.294449 0
-4 3.383259 0
-3 3.218786 0
-6 3.265803 0
-7 3.448331 0
-8 3.416715 0
-6 3.436621 0
-6 3.319721 0
-4 3.356539 0
-7 3.4733 0
-5 3.488299 0
-5 3.298314 0
-7 3.25491 0
-6 3.208424 0
-6 3.503492 0
-6 3.495486 0
-5 3.504378 0
-10 3.491559 0
