-5 2.746084 0
-5 2.837692 0
-6 3.308382 0
-7 3.286335 0
-6 2.791475 0
-7 2.795223 0
-1 2.818594 0
-2 2.76134 0
-3 2.801196 0
-5 3.227748 0
-4 2.823397 0
-2 2.739952 0
-5 2.73607 0
-5 3.248548 0
-3 3.195353 0
-4 3.122471 0
-4 2.768159 0
-2 2.817391 0
-1 2.76985 0
-2 2.822682 0
-7 3.293704 0
-4 3.277567 0
-6 3.051422 0
-8 3.229643 0
-6 3.285778 0
-6 3.289824 0
-4 2.846913 0
-5 3.220028 0
-3 2.815488 0
-8 3.22198 0
-9 3.409157 0
-4 2.856637 0
-5 3.333493 0
-3 2.815276 0
-4 3.132178 0
-8 3.256232 0
-5 3.238252 0
-4 2.698 0
-3 2.826283 0
-5 3.229897 0
-9 3.234865 0
-8 3.223873 0
-9 3.224107 0
-8 3.228444 0
-8 3.228701 0
-9 3.42635 0
-5 3.377711 0
-4 3.261824 0
-6 3.382276 0
-4 3.21972 0
-7 3.40141 0
-7 3.418546 0
-7 3.236119 0
-5 3.321334 0
-5 3.321439 0
-10 3.261267 0
-5 3.272676 0
-5 3.281057 0
-6 3.203818 0
-5 3.196877 0
-10 3.172867 0
-8 3.254439 0
-9 3.243204 0
-5 3.423252 0
-6 3.421522 0
-9 3.418657 0
-4 3.380618 0
-6 3.382444 0
-7 3.484045 0
-5 3.400085 0
-8 3.41733 0
-8 3.40732 0
-6 3.429689 0
-5 3.414885 0
-12 3.537831 0
-10 3.28855 0
-4 3.283706 0
-7 3.273504 0
-8 3.270399 0
-5 3.275267 0
-9 3.23988 0
-8 3.23924 0
-8 3.251307 0
-10 3.365209 0
-7 3.425208 0
-8 3.294107 0
-6 3.419337 0
-7 3.37814 0
-7 3.340401 0
-8 3.485096 0
-5 3.407054 0
-5 3.421385 0
-4 3.420365 0
-5 3.427194 0
-6 3.237938 0
-8 3.527328 0
-4 3.297437 0
-7 3.25464 0
-9 3.299416 0
-8 3.305366 0
-9 3.225399 0
-9 3.229749 0
-7 3.243754 0
-9 3.238719 0
-9 3.250411 0
-9 3.314544 0
-7 3.254723 0
-7 3.365801 0
-7 3.372534 0
-7 3.290751 0
-8 3.48863 0
-9 3.42254 0
-6 3.410549 0
-5 3.431847 0
-5 3.442342 0
-6 3.155145 0
-6 3.520244 0
-9 3.574778 0
-9 3.28372 0
-7 3.248876 0
-8 3.227846 0
-8 3.220982 0
-8 3.226708 0
-7 3.205282 0
-11 3.308071 0
-10 3.350741 0
-6 3.361019 0
-6 3.365364 0
-8 3.365063 0
-6 3.282099 0
-6 3.274738 0
-5 3.267378 0
-4 3.44609 0
-5 3.417571 0
-7 3.427149 0
-6 3.399186 0
-9 3.573547 0
-9 3.588458 0
-13 3.529584 0
-8 3.586721 0
-6 3.213714 0
-8 3.221629 0
-6 3.224525 0
-8 3.243476 0
-6 3.39917 0
-7 3.350266 0
-8 3.360307 0
-8 3.368537 0
-5 3.360135 0
-9 3.368158 0
-10 3.295595 0
-7 3.263195 0
-5 3.415613 0
-10 3.284597 0
-4 3.298324 0
-8 3.46911 0
-8 3.535293 0
-8 3.522854 0
-11 3.529952 0
-10 3.527221 0
-6 3.223593 0
-7 3.22178 0
-5 3.224925 0
-5 3.222705 0
-6 3.229552 0
-6 3.160148 0
-7 3.366371 0
-8 3.36722 0
-7 3.370228 0
-6 3.232372 0
-11 3.366778 0
-6 3.26109 0
-6 3.266687 0
-5 3.316882 0
-5 3.256303 0
-4 3.303951 0
-10 3.474496 0
-11 3.532346 0
-12 3.497806 0
-6 3.466868 0
-5 3.237809 0
-6 3.212164 0
-7 3.240995 0
-7 3.227633 0
-8 3.21213 0
-7 3.421962 0
-9 3.364938 0
-8 3.342111 0
-9 3.378421 0
-9 3.321991 0
-8 3.303309 0
-8 3.345096 0
-3 3.254488 0
-10 3.366044 0
-7 3.239626 0
-10 3.458924 0
-4 3.210539 0
-10 3.527748 0
-11 3.526184 0
-10 3.524643 0
