-4 2.814941 0
-1 2.823736 0
-1 2.813523 0
-3 2.804208 0
-4 3.166496 0
-4 3.15315 0
-4 3.190464 0
-1 2.724447 0
-1 2.715605 0
-4 3.218128 0
-6 2.74604 0
-6 2.781089 0
-5 3.175382 0
-7 2.680821 0
-5 2.749383 0
-1 3.166366 0
-8 2.758543 0
-5 3.165921 0
-6 2.738491 0
-4 2.716854 0
-1 2.815544 0
-1 2.818856 0
-3 2.695803 0
-3 3.047173 0
-6 3.155824 0
-6 3.153106 0
-6 2.978181 0
-7 3.366403 0
-6 2.990788 0
-5 2.960026 0
-6 3.170001 0
-5 3.167924 0
-5 3.17712 0
-6 3.171379 0
-2 2.979156 0
-4 3.369228 0
-1 3.020511 0
-6 3.176006 0
-3 3.050354 0
-5 3.153488 0
-2 3.047194 0
-4 3.041762 0
-1 3.050764 0
-3 3.044737 0
-4 3.047638 0
-2 3.047334 0
-6 3.069624 0
-7 2.986236 0
-4 3.257128 0
-5 2.967584 0
-3 3.182527 0
-2 3.179694 0
-6 3.168646 0
-6 3.162751 0
-6 3.178525 0
-5 3.176292 0
-7 3.178064 0
-5 3.170001 0
-5 3.170734 0
-5 3.167068 0
-2 3.026926 0
0 3.0424 0
-3 3.045076 0
-2 3.046999 0
-3 3.054842 0
-2 3.038653 0
-6 3.116361 0
-7 2.9878 0
-4 3.317464 0
-4 3.257985 0
-5 3.195005 0
-5 3.17005 0
-5 3.170229 0
-6 3.174096 0
-5 3.195788 0
-2 2.998746 0
-4 3.185255 0
-5 3.158807 0
-5 3.17571 0
-2 3.15685 0
-2 3.046716 0
-2 3.061256 0
-2 3.059318 0
-3 3.008453 0
-3 3.029744 0
-7 3.110626 0
-4 3.128281 0
-7 3.094995 0
-6 3.132334 0
-6 3.105752 0
-8 3.379846 0
-3 3.168884 0
-4 3.173756 0
-5 3.166983 0
-4 2.9728 0
-6 3.369158 0
-4 3.167898 0
-5 3.174223 0
-5 3.153992 0
-4 3.163962 0
-4 3.058898 0
-3 3.011041 0
-3 3.003141 0
-7 3.08196 0
-7 3.124675 0
-6 3.141662 0
-6 3.131518 0
-5 3.128114 0
-7 3.442563 0
-5 3.33464 0
-4 3.149708 0
-7 3.206127 0
-6 3.337451 0
-5 3.247643 0
-6 3.426707 0
-3 3.31356 0
-7 3.373643 0
-5 3.152661 0
-5 3.166966 0
-3 3.15694 0
-3 3.051499 0
-4 3.113847 0
-3 3.057322 0
-5 3.132016 0
-4 3.042759 0
-5 3.140454 0
-4 3.123074 0
-5 3.31065 0
-5 3.272407 0
-11 3.419394 0
-8 3.361152 0
-7 3.378297 0
0 3.304574 1
-5 3.291138 1
-5 3.430692 1
-5 3.367791 1
-6 3.352574 0
-7 3.362464 0
-5 3.37939 0
-6 3.3549 0
-7 3.139187 0
-6 3.131871 0
-6 3.144408 0
-5 3.136224 0
-7 3.114538 0
-5 3.127712 0
-5 3.162911 0
-10 3.419586 0
-11 3.349226 0
-9 3.368532 0
-3 3.289645 0
-5 3.428931 0
-11 3.483548 1
-5 3.425804 1
-4 3.436262 1
-4 3.43085 1
-5 3.343429 0
-6 3.341803 0
-7 3.347582 0
-5 3.358365 0
-4 3.133593 0
-5 3.138102 0
-5 3.128441 0
-6 3.137294 0
-5 3.132153 0
-6 3.133166 0
-10 3.433044 0
-8 3.406135 0
-7 3.430925 0
-6 3.44285 0
-5 3.411925 1
-5 3.410307 1
-6 3.40437 1
-7 3.429847 1
-5 3.428485 1
-6 3.426835 1
-6 3.376701 0
-5 3.34788 0
-6 3.336714 0
-4 3.344217 0
-3 3.127827 0
-4 3.140369 0
-5 3.136618 0
-5 3.146417 0
-6 3.150715 0
-8 3.47543 0
-6 3.434874 0
-7 3.332377 0
-6 3.428667 0
-5 3.305807 0
-7 3.412023 1
-6 3.397772 1
-5 3.401858 1
-4 3.395595 1
-7 3.403621 1
-3 3.399986 1
-6 3.337761 0
-4 3.343505 0
-5 3.331408 0
-8 3.330418 0
