-2 2.778976 0
-1 3.183804 0
-4 2.814039 0
-4 3.20868 0
-5 2.832788 0
-7 3.263732 0
-3 2.813625 0
-4 3.213704 0
-4 2.837291 0
-4 3.231685 0
-2 3.149278 0
-3 3.282947 0
0 3.116644 0
-7 3.209304 0
-1 3.153436 0
-3 2.816409 0
-6 3.196932 0
-3 2.769795 0
-3 3.201342 0
-3 3.178432 0
-3 3.056851 0
-6 3.39775 0
-3 3.144904 0
-3 2.893702 0
-6 3.252988 0
-7 3.256663 0
-8 3.421235 0
-4 3.210142 0
-3 3.218846 0
-2 3.014219 0
-8 3.392404 0
-7 3.44795 0
-3 3.060394 0
-5 3.433071 0
-9 3.049924 0
-4 3.354821 0
-2 3.205682 0
-4 3.209199 0
-3 3.19555 0
-3 3.200772 0
-7 3.366749 0
-7 3.408357 0
-6 3.315805 0
-7 3.261193 0
-6 3.257381 0
-11 3.432534 0
-4 3.214106 0
-2 3.20141 0
-3 3.209804 0
-5 3.208273 0
-6 3.431269 0
-7 3.44954 0
-8 3.519176 0
-4 3.148743 0
-4 2.991544 0
-2 3.212817 0
-3 3.195137 0
-4 3.187946 0
-2 3.199784 0
-4 3.196727 0
-5 3.313223 0
-6 3.317078 0
-6 3.308403 0
-5 3.301323 0
-5 3.074664 0
-5 3.20865 0
-2 3.212437 0
-3 3.207037 0
-3 3.219587 0
-4 3.208902 0
-3 3.212309 0
-8 3.564689 0
-8 3.538168 0
-6 3.45219 0
-6 3.508054 0
-2 3.123555 0
-4 3.183124 0
-5 3.185748 0
-4 3.199756 0
-3 3.21608 0
-5 3.307615 0
-4 3.09288 0
-6 3.073932 0
-4 3.212726 0
-3 3.107529 0
-2 3.196947 0
-3 3.229893 0
-3 3.22003 0
-1 3.218238 0
-5 3.232899 0
-3 3.21969 0
-10 3.56789 0
-5 3.44077 0
-2 3.144365 0
-6 3.44945 0
-4 3.100742 0
-4 3.192716 0
-1 3.218992 0
-6 3.186271 0
-5 3.200156 0
-2 3.204359 0
-4 3.223614 0
-4 3.209483 0
-6 3.243066 0
-3 3.176338 0
-4 3.229075 0
-2 3.21388 0
-2 3.220316 0
-3 3.221457 0
-6 3.22728 0
-5 3.565228 0
-9 3.563446 0
-9 3.562893 0
-9 3.567289 0
-7 3.564963 0
-3 3.086164 0
-2 3.205593 0
-4 3.202124 0
-3 3.215346 0
-4 3.086121 0
-4 3.173211 0
-5 3.208044 0
-4 3.217381 0
-4 3.229567 0
-6 3.254561 0
-3 3.255397 0
-4 3.232057 0
-2 3.231224 0
-4 3.23993 0
-3 3.240175 0
-8 3.588997 0
-7 3.566945 0
-8 3.552342 0
-7 3.549253 0
-6 3.536878 0
-11 3.623359 0
-3 3.2127 0
-5 3.185936 0
-3 3.175179 0
-4 3.09156 0
-3 3.209727 0
-4 3.225126 0
-4 3.226754 0
-5 3.22181 0
-3 3.203389 0
-4 3.223071 0
-4 3.228289 0
-4 3.23006 0
-9 3.619713 0
-9 3.584278 0
-7 3.540851 0
-8 3.540964 0
-8 3.548096 0
-7 3.530454 0
-8 3.540199 0
-4 3.551231 0
-4 3.187997 0
-6 3.187929 0
-2 3.211063 0
-3 3.21343 0
-5 3.225574 0
-4 3.226361 0
-4 3.228833 0
-6 3.232383 0
-7 3.232802 0
-3 3.230555 0
-4 3.243467 0
-3 3.220752 0
-3 3.222909 0
-7 3.194844 0
-7 3.534878 0
-7 3.534617 0
-9 3.545615 0
-7 3.533893 0
-10 3.622619 0
-10 3.548595 0
-6 3.492818 0
-10 3.623597 0
-11 3.562644 0
-2 3.219986 0
-6 3.265651 0
-5 3.253263 0
-7 3.209611 0
-3 3.247479 0
-3 3.235944 0
-4 3.226791 0
-4 3.235658 0
-5 3.222059 0
-4 3.223925 0
-2 3.233912 0
-5 3.532061 0
-8 3.533709 0
-8 3.536137 0
-9 3.515591 0
-7 3.538874 0
-10 3.544789 0
-13 3.63441 0
-11 3.618059 0
-10 3.612481 0
-11 3.64298 0
