-1 2.825796 0
-2 2.729338 0
-5 3.201021 0
-8 3.15926 0
-5 3.168816 0
-1 2.833731 0
-4 2.838502 0
-5 2.779843 0
-5 3.202969 0
-5 3.209098 0
-2 2.793665 0
-7 3.269129 0
-2 2.870466 0
-7 3.285163 0
-4 2.913931 0
-2 3.193599 0
-2 2.824552 0
-2 3.200599 0
-2 2.785454 0
-2 3.212318 0
-4 3.100349 0
-5 2.818137 0
-2 3.099647 0
-4 3.106268 0
-6 3.172459 0
-3 3.376348 0
-4 2.942365 0
-5 2.956037 0
-3 3.209223 0
-3 3.012859 0
-5 2.884862 0
-9 3.287199 0
-7 3.295663 0
-6 3.274004 0
-5 3.290713 0
-4 3.43308 0
-3 3.187269 0
-1 3.147334 0
-4 3.198618 0
-4 3.195337 0
-3 3.112514 0
-4 3.111539 0
-3 3.104306 0
-4 3.35413 0
-6 3.364548 0
-2 3.378604 0
-3 3.366153 0
-5 3.484077 0
-2 3.051602 0
-6 2.870599 0
-7 3.290686 0
-7 3.280555 0
-8 3.29668 0
-8 3.277285 0
-4 3.369023 0
-5 3.179521 0
-2 3.194446 0
-3 3.183857 0
-4 3.189436 0
-3 3.188955 0
-4 3.345423 0
-4 3.355548 0
-4 3.350204 0
-4 3.373247 0
-3 3.369947 0
-4 3.365774 0
-4 3.361581 0
-5 3.491539 0
-6 3.37235 0
-3 3.350957 0
-10 3.27168 0
-7 3.262447 0
-9 3.271851 0
-7 3.270637 0
-6 3.280359 0
-4 3.44467 0
-3 3.199976 0
-5 3.184181 0
-4 3.183904 0
-2 3.180571 0
-3 3.387547 0
-4 3.374335 0
-3 3.366369 0
-4 3.340689 0
-5 3.37316 0
-2 3.374042 0
-5 3.368363 0
-3 3.355956 0
-3 3.117408 0
-6 3.433392 0
-8 3.261499 0
-8 3.276158 0
-7 3.260227 0
-7 3.265853 0
-5 3.264772 0
-6 3.250802 0
-4 3.194962 0
-3 3.19996 0
-3 3.200747 0
-4 3.203192 0
-4 3.350763 0
-3 3.375966 0
-3 3.388886 0
-6 3.364929 0
-3 3.341053 0
-6 3.362128 0
-5 3.365736 0
-6 3.512878 0
-1 3.115491 0
-4 3.154117 0
-7 3.255322 0
-6 3.271852 0
-7 3.271624 0
-8 3.275962 0
-6 3.27702 0
-7 3.291346 0
-3 3.439171 0
-3 3.200059 0
-3 3.202777 0
-5 3.195869 0
-2 3.352636 0
-5 3.379328 0
-4 3.367093 0
-6 3.390023 0
-4 3.352911 0
-4 3.352655 0
-5 3.517467 0
-7 3.510064 0
-7 3.51064 0
-5 3.515679 0
-8 3.558598 0
-7 3.27995 0
-7 3.281186 0
-7 3.272223 0
-7 3.278878 0
-7 3.088769 0
-6 3.372477 0
-5 3.441212 0
-5 3.187316 0
-9 3.371331 0
-3 3.341448 0
-4 3.344194 0
-3 3.394835 0
-5 3.34921 0
-4 3.363435 0
-5 3.361469 0
-8 3.489804 0
-8 3.508274 0
-8 3.503168 0
-8 3.504795 0
-8 3.293236 0
-7 3.295358 0
-7 3.278432 0
-8 3.266857 0
-5 3.299963 0
-5 3.053983 0
-3 3.434355 0
-4 3.186506 0
-5 3.188672 0
-5 3.185601 0
-3 3.344115 0
-3 3.357459 0
-6 3.328864 0
-5 3.464945 0
-4 3.331123 0
-7 3.514818 0
-9 3.480738 0
-8 3.518132 0
-7 3.520505 0
-5 3.213647 0
-6 3.30398 0
-6 3.279896 0
-8 3.2919 0
-7 3.28384 0
-9 3.282635 0
-4 3.45269 0
-3 3.434306 0
-3 3.433457 0
-3 3.427271 0
-4 3.4366 0
-7 3.31792 0
-4 3.358333 0
-3 3.337842 0
-8 3.474356 0
-10 3.47296 0
-2 3.483589 0
-10 3.499948 0
-7 3.51534 0
-4 3.210478 0
-6 3.313058 0
-8 3.320962 0
-7 3.290476 0
-9 3.290582 0
-7 3.302704 0
-8 3.290888 0
-3 3.435604 0
-4 3.434679 0
-2 3.437346 0
-3 3.427472 0
-3 3.438091 0
