-5 2.801883 0
-1 2.767581 0
-3 2.793402 0
-1 3.179691 0
-8 3.238588 0
-4 3.219301 0
-6 3.189751 0
-3 2.7432 0
-1 2.778732 0
-2 2.847082 0
-5 3.227732 0
-7 3.260559 0
-4 3.256722 0
-3 3.177262 0
-2 2.845947 0
-5 3.132777 0
-8 3.199482 0
-3 3.241381 0
-4 3.184037 0
-3 3.172793 0
-1 3.184782 0
-2 3.17531 0
-2 3.175141 0
-2 3.199986 0
-2 3.18242 0
-1 3.055581 0
-5 3.191738 0
-4 3.02924 0
-3 3.196949 0
-5 3.361198 0
-5 3.262897 0
-7 3.268405 0
-5 3.268552 0
-8 3.256797 0
-8 3.433537 0
-3 3.239001 0
-3 3.234703 0
-2 3.238572 0
-3 3.234058 0
-3 3.251821 0
-1 3.175514 0
0 3.186586 0
-1 3.183604 0
0 3.050551 0
0 3.173502 0
-1 3.052058 0
-3 3.192252 0
-4 2.948241 0
-8 3.460732 0
-5 3.193668 0
-6 3.257299 0
-6 3.440384 0
-8 3.481789 0
-8 3.423177 0
-7 3.431011 0
-7 3.433546 0
-2 3.225176 0
-3 3.240306 0
-3 3.233856 0
-3 3.239545 0
-1 3.041386 0
-1 3.049689 0
0 3.034462 0
0 3.056262 0
0 3.062895 0
0 3.010685 0
-6 3.449753 0
-7 3.453367 0
-8 3.471813 0
-8 3.458107 0
-12 3.513556 0
-4 3.426449 0
-4 3.453866 0
-4 3.431834 0
-3 3.43996 0
-3 3.243467 0
-5 3.394056 0
-3 3.230935 0
-1 3.217593 0
-1 3.224409 0
-1 3.035728 0
0 3.027244 0
0 3.027224 0
-1 3.074941 0
-4 3.142678 0
-4 3.117373 0
-6 3.462848 0
-9 3.457456 0
-9 3.55766 0
-9 3.57275 0
-9 3.521616 0
-6 3.443215 0
-5 3.451617 0
-2 3.441086 0
-5 3.417586 0
-5 3.393586 0
-9 3.430144 0
-7 3.401789 0
-5 3.391696 0
-4 3.397125 0
-1 3.068981 0
-2 3.078383 0
-3 3.025701 0
-3 3.136281 0
-4 3.144793 0
-4 3.135461 0
-3 3.268046 0
-8 3.481805 0
-9 3.570959 0
-8 3.473567 0
-7 3.513735 0
-5 3.449291 0
-4 3.447956 0
-8 3.42038 0
-5 3.450713 0
-7 3.384198 0
-6 3.413512 0
-5 3.401271 0
-4 3.406384 0
-9 3.397363 0
-3 3.13845 0
-5 3.126089 0
-3 3.13727 0
-3 3.139659 0
-3 3.130749 0
-5 3.146348 0
-4 3.119962 0
-6 3.468556 0
-10 3.473758 0
-8 3.462848 0
-6 3.480824 0
-7 3.414509 0
-8 3.40507 0
-10 3.410609 0
-5 3.370157 0
-8 3.423602 0
-4 3.398706 0
-7 3.409859 0
-6 3.408724 0
-6 3.405691 0
-4 3.123512 0
-4 3.13328 0
-4 3.126596 0
-3 3.108319 0
-3 3.124361 0
-1 3.159919 0
-9 3.429719 0
-8 3.46615 0
-5 3.471136 0
-10 3.468976 0
-9 3.454561 0
-6 3.365335 0
-4 3.344806 0
-6 3.411532 0
-6 3.376445 0
-8 3.408282 0
-5 3.411502 0
-4 3.425055 0
-6 3.435798 0
-6 3.403411 0
-5 3.130272 0
-2 3.122681 0
-5 3.152475 0
-5 3.147074 0
-4 3.320005 0
-9 3.352489 0
-10 3.464061 0
-6 3.459981 0
-9 3.464036 0
-7 3.351154 0
-7 3.387088 0
-3 3.358467 0
-7 3.430054 0
-4 3.342873 0
-5 3.417166 0
-8 3.423478 0
-7 3.425859 0
-6 3.437735 0
-6 3.433012 0
-7 3.39549 0
-4 3.148892 0
-5 3.143721 0
-5 3.1408 0
-14 3.536978 0
-7 3.151878 0
-3 3.081709 1
-9 3.371868 1
-7 3.476331 1
-9 3.328306 1
-6 3.358868 0
-6 3.36292 0
-4 3.366426 0
-4 3.431528 0
-6 3.43594 0
-8 3.421107 0
-7 3.431188 0
-8 3.377209 0
-7 3.398009 0
-6 3.398688 0
-8 3.380118 0
