-3 2.825667 0
-6 3.20612 0
-3 2.791452 0
-3 2.752966 0
-1 3.243171 0
-2 2.781197 0
-6 2.754862 0
-2 3.276034 0
-5 2.776694 0
-9 3.174006 0
-4 3.178716 0
-2 2.787842 0
-2 3.196575 0
-4 3.193648 0
-5 3.187684 0
-2 3.198175 0
-3 3.135668 0
-3 3.220781 0
-4 2.812672 0
-1 3.237018 0
-6 3.289524 0
-2 2.982062 0
-6 3.351977 0
-3 3.086833 0
0 2.904491 0
-5 2.916839 0
-7 3.169574 0
-9 3.389124 0
-8 3.171963 0
-4 3.385994 0
-9 3.353111 0
-1 3.203597 0
-2 3.19859 0
-1 3.197257 0
-3 3.202557 0
-2 2.949072 0
-3 3.35454 0
-1 3.018256 0
-1 3.232388 0
0 3.23598 0
-6 3.405902 0
-4 2.978969 0
-2 3.059697 0
-8 3.244902 0
-5 3.343379 0
-14 3.504236 0
-2 3.343159 0
-7 3.378529 0
-7 3.227819 0
-5 3.383016 0
-2 3.200393 0
-2 3.194965 0
-5 3.198811 0
-2 3.188642 0
-2 3.201587 0
-6 3.372747 0
-3 3.36077 0
-4 3.3505 0
-5 3.352194 0
-6 3.343227 0
-3 2.964819 0
-4 2.986213 0
-4 2.953322 0
-4 2.873752 0
-13 3.503943 0
-14 3.505183 0
-6 3.380247 0
-5 3.386323 0
-10 3.374502 0
-6 3.379146 0
-4 3.032734 0
-5 3.202726 0
-2 3.207518 0
-4 3.19053 0
-5 3.185494 0
-8 3.364212 0
-6 3.234244 0
-3 3.360134 0
-6 3.35501 0
-3 3.246584 0
-4 2.954706 0
-4 2.940732 0
-4 2.955496 0
-6 3.348555 0
-3 3.305253 0
-5 2.95122 0
-5 3.385767 0
-5 3.373315 0
-7 3.383746 0
-7 3.369413 0
-7 3.501445 0
-3 3.220776 0
-5 3.189551 0
-4 3.189844 0
-9 3.392018 0
-7 3.36037 0
-2 3.253174 0
-8 3.390617 0
-3 3.272098 0
-3 3.24612 0
-2 3.219756 0
-6 3.426317 0
-5 3.419772 0
-3 3.300762 0
-3 3.311068 0
-5 3.203953 0
-12 3.496356 0
-9 3.372508 0
-8 3.377539 0
-10 3.528359 0
-8 3.2892 0
-5 3.350667 0
-12 3.410245 0
-4 3.246661 0
-5 3.349077 0
-6 3.393835 0
-8 3.37885 0
-8 3.397195 0
-8 3.392829 0
-9 3.389673 0
-3 3.31057 0
-3 3.295909 0
-3 3.311138 0
-3 3.287831 0
-3 3.308827 0
-10 3.475915 0
-9 3.464701 0
-5 3.380062 0
-9 3.371456 0
-7 3.210087 0
-8 3.407416 0
-9 3.428751 0
-11 3.411604 0
-13 3.417777 0
-5 3.370129 0
-8 3.425564 0
-9 3.362475 0
-8 3.385397 0
-8 3.409878 0
-8 3.413437 0
-5 3.331812 0
-3 3.306891 0
-4 3.320565 0
-2 3.307284 0
-3 3.313186 0
-6 3.201507 0
-8 3.463375 0
-6 3.201342 0
-9 3.380389 0
-6 3.380947 0
-12 3.409664 0
-11 3.401391 0
-8 3.44891 0
-11 3.386104 0
-10 3.454897 0
-9 3.417119 0
-8 3.42565 0
-8 3.409619 0
-9 3.404803 0
-6 3.411845 0
-3 3.283287 0
-4 3.302645 0
-3 3.335317 0
-3 3.310611 0
-5 3.310427 0
-4 3.303668 0
-12 3.473921 0
-9 3.545936 0
-8 3.174535 0
-10 3.415114 0
-10 3.357444 0
-10 3.384119 0
-10 3.383897 0
-12 3.381439 0
-9 3.435073 0
-8 3.407425 0
-8 3.424308 0
-8 3.423418 0
-7 3.408595 0
-9 3.432194 0
-5 3.305688 0
-3 3.30553 0
-3 3.296235 0
-11 3.440387 0
-8 3.511955 0
-11 3.470861 0
-7 3.409908 0
-7 3.39318 0
-8 3.404006 0
-8 3.427541 0
-8 3.391834 0
-9 3.391727 0
-11 3.40302 0
-8 3.385424 0
-10 3.447909 0
-9 3.437888 0
-6 3.425691 0
-7 3.417323 0
-9 3.41292 0
-10 3.430958 0
