-3 3.128727 0
-3 3.188115 0
-6 2.754151 0
-5 3.169823 0
-6 2.706096 0
-3 2.706621 0
-4 3.216078 0
-2 2.81711 0
-1 2.796468 0
-3 2.78109 0
-5 2.76817 0
-5 2.779327 0
-5 3.289646 0
-4 3.205879 0
-5 2.790751 0
-7 3.283551 0
-3 2.801185 0
-5 3.222496 0
-3 2.80857 0
-3 2.839734 0
-2 3.120828 0
-1 3.14005 0
-3 3.13246 0
-6 2.970765 0
-5 2.973949 0
-6 2.769712 0
-2 3.232222 0
-3 2.957116 0
-3 2.733047 0
-5 3.220025 0
-4 3.176556 0
-4 3.282668 0
-6 3.278578 0
-6 3.057875 0
-6 3.28156 0
-8 3.278867 0
-9 2.90466 0
-9 3.441311 0
-6 3.215195 0
-5 3.406767 0
-3 3.127735 0
-2 3.122249 0
-3 3.133755 0
-7 2.965017 0
-4 3.010115 0
-4 3.008524 0
-5 2.93904 0
-2 2.915485 0
-4 3.311694 0
-7 3.372466 0
-8 3.372267 0
-4 3.177421 0
-7 3.026187 0
-6 3.278735 0
-6 3.270086 0
-6 3.325255 0
-7 3.450175 0
-6 3.44244 0
-8 3.415205 0
-6 3.28493 0
-3 3.13282 0
-3 3.141826 0
-3 3.12915 0
-3 3.142942 0
-4 3.031214 0
-5 3.311899 0
-3 3.220705 0
-3 3.405204 0
-5 3.371082 0
-4 3.115987 0
-7 3.228666 0
-10 3.391408 0
-6 3.273954 0
-4 3.264508 0
-5 3.272755 0
-6 3.274633 0
-5 3.296294 0
-6 3.290582 0
-5 3.287727 0
-4 3.280507 0
-3 3.138041 0
-4 3.125804 0
-2 3.140989 0
-4 3.141586 0
-4 3.127316 0
-4 3.000757 0
-2 3.215722 0
-6 3.450568 0
-4 3.093054 0
-7 3.15903 0
-7 3.184679 0
-5 3.273085 0
-3 3.269171 0
-5 3.262479 0
-4 3.265492 0
-5 3.23772 0
-4 3.291005 0
-7 3.298589 0
-6 3.290615 0
-5 3.300669 0
-2 3.120066 0
-2 3.114114 0
-3 3.137014 0
-3 3.119324 0
-4 3.101067 0
-1 3.14039 0
-3 3.01094 0
-3 3.082249 0
-4 3.167251 0
-8 3.149645 0
-6 3.04616 0
-5 3.267967 0
-5 3.247055 0
-5 3.273353 0
-5 3.271472 0
-4 3.325313 0
-4 3.288165 0
-4 3.287661 0
-3 3.289647 0
-4 3.287791 0
-2 3.108634 0
-2 3.105444 0
-2 3.120422 0
-2 3.146435 0
-1 3.13533 0
-4 3.317301 0
-4 3.035889 0
-5 3.188363 0
-2 3.057866 0
-6 3.165399 0
-8 3.335656 0
-3 3.259449 0
-4 3.270439 0
-3 3.250998 0
-4 3.262918 0
-5 3.2354 0
-5 3.306838 0
-5 3.283843 0
-5 3.290034 0
-5 3.293433 0
-2 3.123968 0
-2 3.150568 0
-1 3.098497 0
-1 3.136188 0
-2 3.131035 0
-1 3.246446 0
-4 3.100192 0
-4 3.096999 0
-5 3.163927 0
-4 3.160636 0
-6 3.390879 0
-8 3.389793 0
-4 3.24406 0
-5 3.244007 0
-4 3.349891 0
-2 3.236752 0
-4 3.303859 0
-4 3.29578 0
-6 3.305763 0
-6 3.290421 0
-2 3.136538 0
-2 3.129098 0
-1 3.146387 0
-2 3.153511 0
-2 3.240463 0
-1 3.250919 0
-3 3.033935 0
-2 3.07939 0
-5 3.345933 0
-5 3.154104 0
-9 3.358783 0
-8 3.360161 0
-3 3.258688 0
-5 3.263251 0
-3 3.246777 0
-4 3.263266 0
-6 3.312618 0
-7 3.299363 0
-6 3.299566 0
-6 3.29105 0
-2 3.139947 0
-4 3.161361 0
-2 3.146949 0
-3 3.25015 0
-1 3.226163 0
-3 3.241204 0
-3 3.391347 0
-1 3.27293 0
-6 3.444326 0
-5 3.345302 0
-9 3.289022 0
-5 3.439632 0
-8 3.305006 0
-9 3.416176 0
-6 3.375807 0
-4 3.298536 0
-5 3.319489 0
-6 3.299967 0
-6 3.306609 0
-6 3.303675 0
