-4 3.206512 0
-3 3.196405 0
-7 3.148244 0
-6 3.335837 0
-1 3.223815 0
-4 3.226792 0
-1 3.207499 0
-4 2.860017 0
-4 2.761295 0
-3 2.750174 0
-4 2.760745 0
-6 3.144653 0
-1 3.253219 0
-5 3.162363 0
-5 2.745697 0
-6 3.130184 0
-2 2.726631 0
-2 2.808491 0
-3 3.178708 0
-5 2.742329 0
-1 2.863969 0
-2 2.909483 0
-6 3.254329 0
-6 2.999273 0
-3 3.003195 0
-3 2.921071 0
-2 3.220252 0
-4 2.837452 0
-2 3.195936 0
-3 2.792211 0
-4 3.16461 0
-7 3.15112 0
-4 3.149131 0
-7 3.14869 0
-10 3.31205 0
-5 3.124459 0
-11 3.282825 0
-3 3.299241 0
-3 3.260974 0
-6 2.875025 0
-7 3.246109 0
-6 3.238505 0
-8 3.247505 0
-4 3.052214 0
-6 3.245174 0
-7 3.422178 0
-2 3.212255 0
-2 3.230446 0
-3 3.238593 0
-2 2.9787 0
-8 3.175047 0
-5 3.195185 0
-9 3.323971 0
-10 3.309526 0
-11 3.311243 0
-3 3.131092 0
-3 3.267258 0
-3 3.264003 0
-2 3.250793 0
-2 3.253017 0
-4 3.253598 0
-4 3.25757 0
-6 3.258034 0
-5 3.248203 0
-3 3.242619 0
-4 3.420776 0
-4 3.239759 0
-4 3.251364 0
-5 3.228781 0
-2 3.226522 0
-6 3.44323 0
-8 3.313593 0
-10 3.307661 0
-8 3.315498 0
-7 3.296062 0
-4 3.133345 0
-5 3.128941 0
-4 3.247447 0
-3 3.248701 0
-5 3.264186 0
-6 3.252541 0
-4 3.251344 0
-5 3.25247 0
-6 3.264084 0
-5 3.253488 0
-7 3.237922 0
-3 3.430824 0
-3 3.290148 0
-5 3.23083 0
-6 3.076373 0
-7 3.129633 0
-10 3.30476 0
-12 3.313191 0
-7 3.301237 0
-6 3.311161 0
-12 3.464528 0
-5 3.109987 0
-4 3.268829 0
-3 3.261807 0
-3 3.224162 0
-6 3.2471 0
-4 3.245598 0
-4 3.220544 0
-9 3.23116 0
-6 3.231607 0
-8 3.231521 0
-3 3.234349 0
-4 3.303061 0
-6 3.443211 0
-3 3.233817 0
-6 3.314003 0
-7 3.306553 0
-9 3.319623 0
-7 3.300548 0
-6 3.297767 0
-10 3.465561 0
-3 3.222705 0
-4 3.267305 0
-5 3.427514 0
-6 3.271648 0
-6 3.247303 0
-1 3.25107 0
-7 3.223231 0
-6 3.267647 0
-6 3.222674 0
-5 3.240328 0
-7 3.235917 0
-5 3.419879 0
-2 3.25133 0
-6 3.512488 0
-5 3.205451 0
-6 3.299491 0
-7 3.28649 0
-8 3.301803 0
-7 3.326695 0
-9 3.482216 0
-4 3.434731 0
-11 3.425057 0
-9 3.444293 0
-3 3.425848 0
-3 3.253433 0
-1 3.253251 0
-3 3.25727 0
-5 3.211021 0
-6 3.228871 0
-8 3.235935 0
-3 3.423211 0
-4 3.408368 0
-4 3.427802 0
-5 3.437514 0
-6 3.287228 0
-9 3.294832 0
-8 3.294093 0
-7 3.286591 0
-8 3.29948 0
-6 3.337986 0
-12 3.431418 0
-12 3.427943 0
-11 3.42801 0
-7 3.419994 0
-2 3.23889 0
-1 3.24442 0
0 3.262342 0
-5 3.206579 0
-2 3.242876 0
-2 3.2497 0
-5 3.174725 0
-8 3.407706 0
-8 3.441709 0
-5 3.522395 0
-3 3.286015 0
-10 3.3268 0
-5 3.297117 0
-8 3.304324 0
-5 3.234609 0
-13 3.432597 0
-9 3.435652 0
-11 3.429934 0
-13 3.438155 0
-12 3.418738 0
-3 3.232705 0
-4 3.238025 0
-3 3.232612 0
-5 3.244864 0
-6 3.235075 0
-4 3.210937 0
-3 3.478672 0
-7 3.084312 0
-12 3.549535 0
-9 3.202155 0
-7 3.300359 0
-7 3.292526 0
-6 3.293544 0
-7 3.303328 0
-6 3.212717 0
-8 3.268958 0
-9 3.438474 0
-9 3.428217 0
-7 3.428586 0
-7 3.413162 0
