-3 3.186891 0
-2 2.753909 0
-3 2.769781 0
-5 3.155854 0
-2 2.776472 0
-4 2.759664 0
-6 2.784935 0
-3 3.234628 0
-2 3.196308 0
-4 3.240074 0
-4 3.232678 0
-3 2.795796 0
-5 3.243543 0
-4 3.262989 0
-3 3.280798 0
-3 2.838785 0
-5 3.157367 0
-5 2.778581 0
-2 3.146162 0
-4 2.738511 0
-6 3.01453 0
-3 3.185731 0
-4 3.187195 0
-3 3.329928 0
-5 2.990876 0
-6 3.160247 0
-2 3.19784 0
-2 3.186621 0
-2 3.184744 0
-2 3.17363 0
-5 3.235572 0
-5 3.243861 0
-8 3.224506 0
-5 3.243876 0
-5 3.244521 0
-3 3.07146 0
-5 3.164977 0
-8 3.156695 0
-5 3.169149 0
-5 3.155962 0
-4 3.348334 0
-7 3.019058 0
-4 3.239359 0
-4 3.206941 0
-4 3.122834 0
-5 3.463474 0
-3 3.201188 0
-2 3.185445 0
-4 3.054489 0
-2 3.389985 0
-8 3.230286 0
-8 3.225123 0
-8 3.224522 0
-8 3.22102 0
-7 3.246157 0
-5 3.353088 0
-5 3.170097 0
-3 3.170133 0
-3 3.161162 0
-4 3.177987 0
-3 3.350556 0
-5 3.344519 0
-4 3.34426 0
-3 3.107749 0
-2 3.353363 0
-8 3.482626 0
-1 3.168242 0
-6 3.378367 0
-4 3.206537 0
-4 3.396751 0
-7 3.213405 0
-11 3.22712 0
-9 3.224376 0
-8 3.234778 0
-9 3.218624 0
-11 3.429947 0
-6 3.210635 0
-5 3.163017 0
-5 3.179602 0
-4 3.213679 0
-7 3.504388 0
-5 3.359247 0
-4 3.326048 0
-3 3.177895 0
-5 3.415025 0
-6 3.540507 0
-3 3.157252 0
-8 3.379616 0
-7 3.386916 0
-7 3.220662 0
-6 3.206635 0
-9 3.219514 0
-9 3.439411 0
-9 3.205802 0
-12 3.431752 0
-10 3.423887 0
-10 3.453498 0
-4 3.211048 0
-12 3.440537 0
-5 3.24775 0
-6 3.485652 0
-8 3.507717 0
-5 3.490555 0
-2 3.120049 0
-2 3.131733 0
-5 3.321365 0
-4 3.069675 0
-7 3.205834 0
-6 3.231819 0
-8 3.19856 0
-8 3.235607 0
-9 3.401536 0
-10 3.225606 0
-6 3.239044 0
-7 3.285971 0
-10 3.433685 0
-6 3.449963 0
-11 3.446504 0
-10 3.407606 0
-11 3.414489 0
-3 3.121182 0
-3 3.116042 0
-4 3.114216 0
-4 3.125226 0
-2 3.122433 0
-3 3.287584 0
-7 3.35558 0
-8 3.216622 0
-6 3.213118 0
-8 3.203694 0
-5 3.185502 0
-6 3.298963 0
-9 3.225298 0
-8 3.285903 0
-7 3.280571 0
-8 3.410086 0
-11 3.453477 0
-11 3.447803 0
-12 3.430882 0
-10 3.43904 0
-2 3.125066 0
-4 3.114196 0
-3 3.104965 0
-3 3.115055 0
-3 3.113733 0
-4 3.00258 0
-5 2.999233 0
-7 3.180015 0
-8 3.227933 0
-3 3.181495 0
-6 3.298256 0
-6 3.29334 0
-6 3.26596 0
-7 3.274236 0
-9 3.284351 0
-9 3.266113 0
-9 3.441738 0
-9 3.446177 0
-8 3.462816 0
-11 3.456377 0
-3 3.1037 0
-5 3.095915 0
-2 3.083705 0
-3 3.115978 0
-2 3.130353 0
-4 3.106017 0
-5 3.164328 0
-7 3.185367 0
-4 3.179942 0
-6 3.217709 0
-7 3.296117 0
-6 3.310673 0
-6 3.297706 0
-9 3.303274 0
-9 3.261469 0
-8 3.458039 0
-6 3.250582 0
-7 3.445199 0
-8 3.456841 0
-11 3.441078 0
-2 3.133059 0
-5 3.083341 0
-1 3.129869 0
-4 3.114934 0
-5 3.142834 0
-4 3.113618 0
-8 3.177725 0
-7 3.183615 0
-6 3.298932 0
-6 3.30068 0
-5 3.30516 0
-9 3.25314 0
-10 3.247875 0
-7 3.244685 0
-8 3.26067 0
-9 3.234301 0
-8 3.443339 0
-9 3.452035 0
-8 3.252165 0
-6 3.443463 0
