-1941.849368 10723.581031 2440.899131 
-1941.849368 10723.581031 2440.899131 
-1941.849368 10723.581031 2440.899131 
-1941.849368 10723.581031 2440.899131 
-1941.849368 10723.581031 2440.899131 
-1941.849368 10723.581031 2440.899131 
-1941.849368 10723.581031 2440.899131 
-1941.849368 10723.581031 2440.899131 
-1941.849368 10723.581031 2440.899131 
-1941.849368 10723.581031 2440.899131 
-1941.849368 10723.581031 2440.899131 
-1941.849368 10723.581031 2440.899131 
-1941.849368 10723.581031 2440.899131 
-1941.849368 10723.581031 2440.899131 
-1941.849368 10723.581031 2440.899131 
-1941.849368 10723.581031 2440.899131 
-1941.849368 10723.581031 2440.899131 
-1941.849368 10723.581031 2440.899131 
-1941.849368 10723.581031 2440.899131 
-1941.849368 10723.581031 2440.899131 
-1941.849368 10723.581031 2440.899131 
-1941.849368 10723.581031 2440.899131 
-1941.849368 10723.581031 2440.899131 
-1941.849368 10723.581031 2440.899131 
-1941.849368 10723.581031 2440.899131 
-1941.849368 10723.581031 2440.899131 
-1941.849368 10723.581031 2440.899131 
-1941.849368 10723.581031 2440.899131 
-1941.849368 10723.581031 2440.899131 
-1941.849368 10723.581031 2440.899131 
-1941.849368 10723.581031 2440.899131 
-1941.849368 10723.581031 2440.899131 
-1941.849368 10723.581031 2440.899131 
-1941.849368 10723.581031 2440.899131 
-1941.849368 10723.581031 2440.899131 
-1941.849368 10723.581031 2440.899131 
-1941.849368 10723.581031 2440.899131 
-1941.849368 10723.581031 2440.899131 
-1941.849368 10723.581031 2440.899131 
-1941.849368 10723.581031 2440.899131 
-1941.849368 10723.581031 2440.899131 
-1941.849368 10723.581031 2440.899131 
-1941.849368 10723.581031 2440.899131 
-1941.849368 10723.581031 2440.899131 
-1941.849368 10723.581031 2440.899131 
-1941.849368 10723.581031 2440.899131 
-1941.849368 10723.581031 2440.899131 
-1941.849368 10723.581031 2440.899131 
-1941.849368 10723.581031 2440.899131 
-1921.662632 10606.960142 2453.202916 
-1921.662632 10606.960142 2453.202916 
-1902.324539 10495.094659 2463.422392 
-1902.324539 10495.094659 2463.422392 
-1889.310883 10408.388517 2474.145615 
-1889.310883 10408.388517 2474.145615 
-1889.310883 10408.388517 2474.145615 
-1902.324539 10495.094659 2463.422392 
-1902.324539 10495.094659 2463.422392 
-1941.849368 10723.581031 2440.899131 
-1941.849368 10723.581031 2440.899131 
-1941.849368 10723.581031 2440.899131 
-1941.849368 10723.581031 2440.899131 
-1941.849368 10723.581031 2440.899131 
-1941.849368 10723.581031 2440.899131 
-1941.849368 10723.581031 2440.899131 
-1941.849368 10723.581031 2440.899131 
-1941.849368 10723.581031 2440.899131 
-1941.849368 10723.581031 2440.899131 
-1941.849368 10723.581031 2440.899131 
-1941.849368 10723.581031 2440.899131 
-1941.849368 10723.581031 2440.899131 
-1941.849368 10723.581031 2440.899131 
-1889.310883 10408.388517 2474.145615 
-1861.290338 10245.655690 2489.772219 
-1809.537137 9921.780272 2526.794760 
-1783.231831 9878.922429 2501.728662 
-1758.378749 9836.115382 2531.315534 
-1758.378749 9836.115382 2531.315534 
-1758.378749 9836.115382 2531.315534 
-1780.118144 9861.116783 2558.423295 
-1809.537137 9921.780272 2526.794760 
-1832.617443 10147.081805 2513.954467 
-1878.419140 10359.865483 2478.857849 
-1878.419140 10359.865483 2478.857849 
-1910.235877 10533.660840 2460.726704 
-1915.930496 10568.162087 2457.166769 
-1928.567086 10660.608655 2446.163582 
-1939.628493 10710.437001 2442.295591 
-1941.849368 10723.581031 2440.899131 
-1941.849368 10723.581031 2440.899131 
-1941.849368 10723.581031 2440.899131 
-1941.849368 10723.581031 2440.899131 
-1941.849368 10723.581031 2440.899131 
-1941.849368 10723.581031 2440.899131 
-1758.378749 9836.115382 2531.315534 
-1714.848750 9675.238295 2576.556046 
-1698.327945 9293.942615 2557.695793 
-1697.990109 9310.568807 2560.137877 
-1697.990109 9310.568807 2560.137877 
-1697.990109 9310.568807 2560.137877 
-1674.217554 9198.337821 2577.798177 
-1690.545845 9313.891525 2562.161458 
-1746.062030 9590.676934 2569.146015 
-1758.378749 9836.115382 2531.315534 
-1799.011593 9904.221546 2530.422379 
-1832.617443 10147.081805 2513.954467 
-1832.617443 10147.081805 2513.954467 
-1862.474868 10260.142007 2486.826119 
-1878.419140 10359.865483 2478.857849 
-1891.447555 10419.897946 2472.694372 
-1908.047510 10520.187272 2462.103965 
-1908.047510 10520.187272 2462.103965 
-1923.343525 10633.311137 2447.887588 
-1934.205433 10679.168672 2445.729168 
-1939.628493 10710.437001 2442.295591 
-1275.582804 6290.561086 2608.443251 
-1275.582804 6290.561086 2608.443251 
-1275.582804 6290.561086 2608.443251 
-1275.582804 6290.561086 2608.443251 
-1319.663221 6704.409570 2641.208987 
-1485.260664 8010.604442 2647.824478 
-1604.108347 8659.515920 2655.961702 
-1636.627468 8851.391187 2647.021070 
-1674.217554 9198.337821 2577.798177 
-1702.602872 9276.889252 2598.158452 
-1746.062030 9590.676934 2569.146015 
-1746.062030 9590.676934 2569.146015 
-1799.011593 9904.221546 2530.422379 
-1799.011593 9904.221546 2530.422379 
-1824.135490 10036.806440 2507.889895 
-1862.474868 10260.142007 2486.826119 
-1862.474868 10260.142007 2486.826119 
-1862.474868 10260.142007 2486.826119 
-1878.419140 10359.865483 2478.857849 
-1891.447555 10419.897946 2472.694372 
-1275.582804 6290.561086 2608.443251 
-1275.582804 6290.561086 2608.443251 
-1275.582804 6290.561086 2608.443251 
-1275.582804 6290.561086 2608.443251 
-1485.260664 8010.604442 2647.824478 
-1485.260664 8010.604442 2647.824478 
-1525.108982 8306.108696 2720.722896 
-1554.031899 8520.027509 2725.675032 
-1636.627468 8851.391187 2647.021070 
-1636.627468 8851.391187 2647.021070 
-1699.651268 9246.105583 2604.142926 
-1723.052536 9438.024785 2580.953190 
-1746.062030 9590.676934 2569.146015 
-1794.550562 9884.413021 2542.888048 
-1794.550562 9884.413021 2542.888048 
-1794.550562 9884.413021 2542.888048 
-1824.135490 10036.806440 2507.889895 
-1824.135490 10036.806440 2507.889895 
-1854.187700 10193.945922 2496.905859 
-1275.582804 6290.561086 2608.443251 
-1275.582804 6290.561086 2608.443251 
-1275.582804 6290.561086 2608.443251 
-1275.582804 6290.561086 2608.443251 
-1321.829257 6769.393843 2664.031063 
-1437.229568 7665.780882 2679.155314 
-1485.260664 8010.604442 2647.824478 
-1560.999881 8391.835768 2700.054013 
-1554.031899 8520.027509 2725.675032 
-1619.958450 8803.458638 2660.066055 
-1636.627468 8851.391187 2647.021070 
-1661.472092 9034.393585 2630.715743 
-1699.651268 9246.105583 2604.142926 
-1729.410240 9504.418173 2579.943013 
-1729.410240 9504.418173 2579.943013 
-1790.795700 9814.679252 2536.623315 
-1794.550562 9884.413021 2542.888048 
-1790.802453 9814.673813 2536.611557 
-1275.582804 6290.561086 2608.443251 
-1275.582804 6290.561086 2608.443251 
-1275.582804 6290.561086 2608.443251 
-1275.582804 6290.561086 2608.443251 
-1365.085764 7133.078565 2679.522278 
-1413.197647 7457.582614 2700.173504 
-1457.911034 7907.235843 2670.359795 
-1485.260664 8010.604442 2647.824478 
-1525.108982 8306.108696 2720.722896 
-1602.472000 8655.627500 2669.520722 
-1602.472000 8655.627500 2669.520722 
-1636.627468 8851.391187 2647.021070 
-1661.472092 9034.393585 2630.715743 
-1682.007756 9140.380592 2609.796148 
-1702.602872 9276.889252 2598.158452 
-1729.410240 9504.418173 2579.943013 
-1729.410240 9504.418173 2579.943013 
-1275.582804 6290.561086 2608.443251 
-1275.582804 6290.561086 2608.443251 
-1275.582804 6290.561086 2608.443251 
-1281.130580 6413.217629 2627.395628 
-1332.006431 6879.732886 2685.754882 
-1385.786860 7309.818281 2697.324467 
-1434.754862 7591.429917 2684.340266 
-1440.562083 7635.343332 2679.545624 
-1525.108982 8306.108696 2720.722896 
-1554.031899 8520.027509 2725.675032 
-1587.775504 8565.801556 2686.850793 
-1602.472000 8655.627500 2669.520722 
-1635.570141 8886.877031 2651.110066 
-1640.360742 8936.546125 2648.644084 
-1682.007756 9140.380592 2609.796148 
-1699.651268 9246.105583 2604.142926 
-1275.582804 6290.561086 2608.443251 
-1275.582804 6290.561086 2608.443251 
-1275.582804 6290.561086 2608.443251 
-1275.753574 6292.147524 2608.552978 
-1321.829257 6769.393843 2664.031063 
-1365.085764 7133.078565 2679.522278 
-1400.799099 7354.966187 2704.695155 
-1440.562083 7635.343332 2679.545624 
-1498.831615 8092.744765 2691.617543 
-1486.200108 8180.179932 2726.921264 
-1535.855245 8359.215475 2665.191664 
-1587.775504 8565.801556 2686.850793 
-1602.472000 8655.627500 2669.520722 
-1612.289281 8695.953246 2666.603609 
-1635.570141 8886.877031 2651.110066 
-1273.297017 6271.336849 2609.764349 
-1273.297017 6271.336849 2609.764349 
-1273.297017 6271.336849 2609.764349 
-1275.477779 6291.244481 2608.506698 
-1296.799195 6572.806431 2648.251126 
-1347.116196 6995.570602 2669.006284 
-1385.806608 7311.326461 2697.505001 
-1410.017110 7454.268147 2701.222771 
-1440.562083 7635.343332 2679.545624 
-1498.831615 8092.744765 2691.617543 
-1486.200108 8180.179932 2726.921264 
-1535.855245 8359.215475 2665.191664 
-1554.031899 8520.027509 2725.675032 
-1587.775504 8565.801556 2686.850793 
-1273.297017 6271.336849 2609.764349 
-1251.957566 6157.066017 2677.993647 
-1233.446494 5996.338293 2684.172094 
-1251.957566 6157.066017 2677.993647 
-1288.624055 6420.209278 2624.888163 
-1320.133880 6784.670352 2653.828076 
-1365.085764 7133.078565 2679.522278 
-1400.799099 7354.966187 2704.695155 
-1440.562083 7635.343332 2679.545624 
-1440.101497 7744.792556 2720.676201 
-1498.831615 8092.744765 2691.617543 
-1526.610291 8302.622731 2662.854524 
-1535.855245 8359.215475 2665.191664 
-1233.446494 5996.338293 2684.172094 
-1233.446494 5996.338293 2684.172094 
-1202.970609 5760.107991 2705.193280 
-1232.694954 5999.437129 2684.175187 
-1281.130580 6413.217629 2627.395628 
-1311.448518 6723.351865 2676.491964 
-1348.267726 6993.454679 2681.568318 
-1375.391597 7269.690279 2707.861590 
-1403.810352 7496.717193 2721.720548 
-1440.101497 7744.792556 2720.676201 
-1440.101497 7744.792556 2720.676201 
-1486.200108 8180.179932 2726.921264 
-1233.446494 5996.338293 2684.172094 
-1210.463687 5851.916399 2711.196384 
-1210.463687 5851.916399 2711.196384 
-1212.507974 5872.225153 2714.896990 
-1266.534767 6287.645509 2630.639738 
-1307.830148 6618.650972 2652.965271 
-1323.798057 6805.105018 2680.322551 
-1365.085764 7133.078565 2679.522278 
-1380.091067 7343.203447 2721.643642 
-1405.440341 7504.487681 2721.720029 
-1420.100746 7768.836068 2739.090349 
-1210.463687 5851.916399 2711.196384 
-1191.007574 5680.227341 2727.150198 
-1191.007574 5680.227341 2727.150198 
-1212.489374 5871.764351 2714.837614 
-1252.209149 6178.360440 2680.477116 
-1289.103199 6445.549477 2627.919199 
-1323.798057 6805.105018 2680.322551 
-1348.267726 6993.454679 2681.568318 
-1374.488751 7262.393556 2707.370445 
-1396.437689 7446.293547 2712.760369 
-1191.007574 5680.227341 2727.150198 
-1191.007574 5680.227341 2727.150198 
-1167.080108 5534.508924 2775.703305 
-1217.746639 5915.571067 2723.854674 
-1238.868111 6206.644301 2771.789346 
-1282.118308 6417.325280 2678.003013 
-1308.184473 6625.097749 2653.705408 
-1337.470582 6886.803126 2666.167526 
-1337.837598 7168.695805 2747.924220 
-1180.028806 5652.772568 2773.217375 
-1167.080108 5534.508924 2775.703305 
-1167.080108 5534.508924 2775.703305 
-1210.463687 5851.916399 2711.196384 
-1231.684818 6156.920119 2759.592113 
-1275.392176 6280.662923 2607.289087 
-1293.555260 6530.849739 2690.233567 
-1324.467272 6817.519365 2704.230856 
-1167.080108 5534.508924 2775.703305 
-1151.639800 5416.576687 2787.406066 
-1167.080108 5534.508924 2775.703305 
-1180.028806 5652.772568 2773.217375 
-1218.229185 5921.080095 2727.160889 
-1253.626765 6237.070297 2720.417531 
-1292.054554 6497.093087 2646.737011 
-1151.639800 5416.576687 2787.406066 
-1151.639800 5416.576687 2787.406066 
-1159.318026 5494.419871 2795.172582 
-1180.028806 5652.772568 2773.217375 
-1217.746639 5915.571067 2723.854674 
-1238.868111 6206.644301 2771.789346 
-1151.639800 5416.576687 2787.406066 
-1151.639800 5416.576687 2787.406066 
-1157.207352 5470.384436 2790.738980 
-1180.028806 5652.772568 2773.217375 
-1217.746639 5915.571067 2723.854674 
-1151.639800 5416.576687 2787.406066 
-1000.269443 5414.747273 3278.008551 
-1151.642191 5416.606357 2787.411593 
-1180.028806 5652.772568 2773.217375 
-1151.005374 5411.733442 2787.929709 
-1000.269443 5414.747273 3278.008551 
-1151.642191 5416.606357 2787.411593 
-1007.450624 5249.439203 3212.970098 
-1000.269443 5414.747273 3278.008551 
-1007.450624 5249.439203 3212.970098 
