1.20 
0.65 
1.80 
0.70 
2.00 
1.80 
1.80 
2.00 
1.40 
1.20 
2.30 
0.80 
1.40 
1.60 
1.40 
1.60 
1.40 
1.60 
2.00 
1.20 
1.20 
0.80 
0.90 
1.20 
0.60 
0.70 
1.60 
0.90 
0.90 
1.40 
1.20 
1.00 
1.40 
1.00 
1.60 
2.00 
0.90 
0.60 
0.60 
0.90 
2.00 
1.40 
0.80 
1.60 
1.00 
1.80 
1.20 
1.80 
1.60 
1.80 
2.30 
2.00 
1.40 
1.80 
0.60 
1.00 
1.40 
1.40 
1.60 
1.00 
0.70 
1.60 
1.20 
1.40 
2.00 
1.80 
1.40 
1.20 
1.60 
1.60 
1.20 
2.00 
2.30 
1.00 
1.20 
0.60 
1.40 
0.65 
1.80 
0.80 
1.60 
2.00 
1.40 
1.00 
2.00 
0.80 
1.40 
1.60 
1.40 
1.60 
1.20 
1.40 
1.80 
1.20 
1.20 
0.80 
0.80 
1.80 
0.60 
0.70 
1.60 
1.00 
0.90 
0.70 
1.40 
0.90 
1.20 
1.00 
0.70 
1.80 
0.90 
0.60 
0.60 
0.90 
2.00 
1.20 
0.80 
1.60 
1.00 
1.00 
1.20 
1.60 
1.40 
1.60 
2.30 
2.00 
1.40 
1.40 
0.60 
0.90 
1.20 
1.60 
1.60 
0.60 
0.60 
1.60 
1.20 
1.40 
2.00 
1.80 
1.60 
1.40 
1.00 
1.40 
1.20 
2.00 
2.30 
1.00 

